[(-0.1, -1.0, 10.0), (-0.3, -1.0, 1.0), (0.1, -1.0, 1.0), (0.02, -1.0, 1.0), (0.75, -1.0, 1.0), (0.0, -1.0, 1.0)],4.714
[(-0.1, -1.0, 10.0), (-0.3, -1.0, 1.0), (0.1, -1.0, 1.0), (0.02, -1.0, 1.0), (0.75, -1.0, 1.0), (0.0, -1.0, 1.0)],5.545
[(-0.1, -1.0, 10.0), (-0.3, -1.0, 1.0), (0.1, -1.0, 1.0), (0.02, -1.0, 1.0), (0.75, -1.0, 1.0), (0.0, -1.0, 1.0)],0.832
[(-0.1, -1.0, 10.0), (-0.3, -1.0, 1.0), (0.1, -1.0, 1.0), (0.02, -1.0, 1.0), (0.75, -1.0, 1.0), (0.0, -1.0, 1.0)],0.992
[(-0.1, -1.0, 10.0), (-0.3, -1.0, 1.0), (0.1, -1.0, 1.0), (0.02, -1.0, 1.0), (0.75, -1.0, 1.0), (0.0, -1.0, 1.0)],4.714
[(-0.1, -1.0, 10.0), (-0.3, -1.0, 1.0), (0.1, -1.0, 1.0), (0.02, -1.0, 1.0), (0.75, -1.0, 1.0), (0.0, -1.0, 1.0)],5.545
[(-0.1, -1.0, 10.0), (-0.3, -1.0, 1.0), (0.1, -1.0, 1.0), (0.02, -1.0, 1.0), (0.75, -1.0, 1.0), (0.0, -1.0, 1.0)],0.832
[(-0.1, -1.0, 10.0), (-0.3, -1.0, 1.0), (0.1, -1.0, 1.0), (0.02, -1.0, 1.0), (0.75, -1.0, 1.0), (0.0, -1.0, 1.0)],0.992
[(-0.1, -1.0, 10.0), (-0.3, -1.0, 1.0), (0.1, -1.0, 1.0), (0.02, -1.0, 1.0), (0.75, -1.0, 1.0), (0.0, -1.0, 1.0)],4.714
[(-0.1, -1.0, 10.0), (-0.3, -1.0, 1.0), (0.1, -1.0, 1.0), (0.02, -1.0, 1.0), (0.75, -1.0, 1.0), (0.0, -1.0, 1.0)],5.545
[(-0.1, -1.0, 10.0), (-0.3, -1.0, 1.0), (0.1, -1.0, 1.0), (0.02, -1.0, 1.0), (0.75, -1.0, 1.0), (0.0, -1.0, 1.0)],0.832
[(-0.1, -1.0, 10.0), (-0.3, -1.0, 1.0), (0.1, -1.0, 1.0), (0.02, -1.0, 1.0), (0.75, -1.0, 1.0), (0.0, -1.0, 1.0)],0.992
[(-0.1, -1.0, 10.0), (-0.3, -1.0, 1.0), (0.1, -1.0, 1.0), (0.02, -1.0, 1.0), (0.75, -1.0, 1.0), (0.0, -1.0, 1.0)],1.661
[(-0.1, -1.0, 10.0), (-0.3, -1.0, 1.0), (0.1, -1.0, 1.0), (0.02, -1.0, 1.0), (0.75, -1.0, 1.0), (0.0, -1.0, 1.0)],1.931
[(-0.1, -1.0, 10.0), (-0.3, -1.0, 1.0), (0.1, -1.0, 1.0), (0.02, -1.0, 1.0), (0.75, -1.0, 1.0), (0.0, -1.0, 1.0)],0.832
[(-0.1, -1.0, 10.0), (-0.3, -1.0, 1.0), (0.1, -1.0, 1.0), (0.02, -1.0, 1.0), (0.75, -1.0, 1.0), (0.0, -1.0, 1.0)],0.992
[(-0.1, -1.0, 10.0), (-0.3, -1.0, 1.0), (0.1, -1.0, 1.0), (0.02, -1.0, 1.0), (0.75, -1.0, 1.0), (0.0, -1.0, 1.0)],0.739
[(-0.1, -1.0, 10.0), (-0.3, -1.0, 1.0), (0.1, -1.0, 1.0), (0.02, -1.0, 1.0), (0.75, -1.0, 1.0), (0.0, -1.0, 1.0)],0.739
[(-0.1, -1.0, 10.0), (-0.3, -1.0, 1.0), (0.1, -1.0, 1.0), (0.02, -1.0, 1.0), (0.75, -1.0, 1.0), (0.0, -1.0, 1.0)],4.12
[(-0.1, -1.0, 10.0), (-0.3, -1.0, 1.0), (0.1, -1.0, 1.0), (0.02, -1.0, 1.0), (0.75, -1.0, 1.0), (0.0, -1.0, 1.0)],3.286
[(-0.1, -1.0, 10.0), (-0.3, -1.0, 1.0), (0.1, -1.0, 1.0), (0.02, -1.0, 1.0), (0.75, -1.0, 1.0), (0.0, -1.0, 1.0)],2.523
[(-0.1, -1.0, 10.0), (-0.3, -1.0, 1.0), (0.1, -1.0, 1.0), (0.02, -1.0, 1.0), (0.75, -1.0, 1.0), (0.0, -1.0, 1.0)],1.661
[(-0.1, -1.0, 10.0), (-0.3, -1.0, 1.0), (0.1, -1.0, 1.0), (0.02, -1.0, 1.0), (0.75, -1.0, 1.0), (0.0, -1.0, 1.0)],0.892
[(-0.1, -1.0, 10.0), (-0.3, -1.0, 1.0), (0.1, -1.0, 1.0), (0.02, -1.0, 1.0), (0.75, -1.0, 1.0), (0.0, -1.0, 1.0)],1.91
[(-0.1, -1.0, 10.0), (-0.3, -1.0, 1.0), (0.1, -1.0, 1.0), (0.02, -1.0, 1.0), (0.75, -1.0, 1.0), (0.0, -1.0, 1.0)],3.206
[(-0.1, -1.0, 10.0), (-0.3, -1.0, 1.0), (0.1, -1.0, 1.0), (0.02, -1.0, 1.0), (0.75, -1.0, 1.0), (0.0, -1.0, 1.0)],2.322
[(-0.1, -1.0, 10.0), (-0.3, -1.0, 1.0), (0.1, -1.0, 1.0), (0.02, -1.0, 1.0), (0.75, -1.0, 1.0), (0.0, -1.0, 1.0)],1.46
[(-0.1, -1.0, 10.0), (-0.3, -1.0, 1.0), (0.1, -1.0, 1.0), (0.02, -1.0, 1.0), (0.75, -1.0, 1.0), (0.0, -1.0, 1.0)],2.574
[(-0.1, -1.0, 10.0), (-0.3, -1.0, 1.0), (0.1, -1.0, 1.0), (0.02, -1.0, 1.0), (0.75, -1.0, 1.0), (0.0, -1.0, 1.0)],4.089
[(-0.1, -1.0, 10.0), (-0.3, -1.0, 1.0), (0.1, -1.0, 1.0), (0.02, -1.0, 1.0), (0.75, -1.0, 1.0), (0.0, -1.0, 1.0)],1.776
[(-0.1, -1.0, 10.0), (-0.3, -1.0, 1.0), (0.1, -1.0, 1.0), (0.02, -1.0, 1.0), (0.75, -1.0, 1.0), (0.0, -1.0, 1.0)],2.77
[(-0.1, -1.0, 10.0), (-0.3, -1.0, 1.0), (0.1, -1.0, 1.0), (0.02, -1.0, 1.0), (0.75, -1.0, 1.0), (0.0, -1.0, 1.0)],2.992
[(-0.1, -1.0, 10.0), (-0.3, -1.0, 1.0), (0.1, -1.0, 1.0), (0.02, -1.0, 1.0), (0.75, -1.0, 1.0), (0.0, -1.0, 1.0)],3.274
[(-0.1, -1.0, 10.0), (-0.3, -1.0, 1.0), (0.1, -1.0, 1.0), (0.02, -1.0, 1.0), (0.75, -1.0, 1.0), (0.0, -1.0, 1.0)],1.281
[(-0.1, -1.0, 10.0), (-0.3, -1.0, 1.0), (0.1, -1.0, 1.0), (0.02, -1.0, 1.0), (0.75, -1.0, 1.0), (0.0, -1.0, 1.0)],4.721
[(-0.1, -1.0, 10.0), (-0.3, -1.0, 1.0), (0.1, -1.0, 1.0), (0.02, -1.0, 1.0), (0.75, -1.0, 1.0), (0.0, -1.0, 1.0)],1.752
[(-0.1, -1.0, 10.0), (-0.3, -1.0, 1.0), (0.1, -1.0, 1.0), (0.02, -1.0, 1.0), (0.75, -1.0, 1.0), (0.0, -1.0, 1.0)],1.429
[(-0.1, -1.0, 10.0), (-0.3, -1.0, 1.0), (0.1, -1.0, 1.0), (0.02, -1.0, 1.0), (0.75, -1.0, 1.0), (0.0, -1.0, 1.0)],3.444
[(-0.1, -1.0, 10.0), (-0.3, -1.0, 1.0), (0.1, -1.0, 1.0), (0.02, -1.0, 1.0), (0.75, -1.0, 1.0), (0.0, -1.0, 1.0)],3.778
[(-0.1, -1.0, 10.0), (-0.3, -1.0, 1.0), (0.1, -1.0, 1.0), (0.02, -1.0, 1.0), (0.75, -1.0, 1.0), (0.0, -1.0, 1.0)],4.917
[(-0.1, -1.0, 10.0), (-0.3, -1.0, 1.0), (0.1, -1.0, 1.0), (0.02, -1.0, 1.0), (0.75, -1.0, 1.0), (0.0, -1.0, 1.0)],1.221
[(-0.1, -1.0, 10.0), (-0.3, -1.0, 1.0), (0.1, -1.0, 1.0), (0.02, -1.0, 1.0), (0.75, -1.0, 1.0), (0.0, -1.0, 1.0)],3.086
[(-0.1, -1.0, 10.0), (-0.3, -1.0, 1.0), (0.1, -1.0, 1.0), (0.02, -1.0, 1.0), (0.75, -1.0, 1.0), (0.0, -1.0, 1.0)],3.146
[(-0.1, -1.0, 10.0), (-0.3, -1.0, 1.0), (0.1, -1.0, 1.0), (0.02, -1.0, 1.0), (0.75, -1.0, 1.0), (0.0, -1.0, 1.0)],10.181
[(-0.1, -1.0, 10.0), (-0.3, -1.0, 1.0), (0.1, -1.0, 1.0), (0.02, -1.0, 1.0), (0.75, -1.0, 1.0), (0.0, -1.0, 1.0)],4.641
[(-0.1, -1.0, 10.0), (-0.3, -1.0, 1.0), (0.1, -1.0, 1.0), (0.02, -1.0, 1.0), (0.75, -1.0, 1.0), (0.0, -1.0, 1.0)],9.205
[(-0.1, -1.0, 10.0), (-0.3, -1.0, 1.0), (0.1, -1.0, 1.0), (0.02, -1.0, 1.0), (0.75, -1.0, 1.0), (0.0, -1.0, 1.0)],4.036
[(-0.1, -1.0, 10.0), (-0.3, -1.0, 1.0), (0.1, -1.0, 1.0), (0.02, -1.0, 1.0), (0.75, -1.0, 1.0), (0.0, -1.0, 1.0)],1.931
[(-0.1, -1.0, 10.0), (-0.3, -1.0, 1.0), (0.1, -1.0, 1.0), (0.02, -1.0, 1.0), (0.75, -1.0, 1.0), (0.0, -1.0, 1.0)],5.399
[(-0.1, -1.0, 10.0), (-0.3, -1.0, 1.0), (0.1, -1.0, 1.0), (0.02, -1.0, 1.0), (0.75, -1.0, 1.0), (0.0, -1.0, 1.0)],2.174
[(-0.1, -1.0, 10.0), (-0.3, -1.0, 1.0), (0.1, -1.0, 1.0), (0.02, -1.0, 1.0), (0.75, -1.0, 1.0), (0.0, -1.0, 1.0)],8.381
[(-0.1, -1.0, 10.0), (-0.3, -1.0, 1.0), (0.1, -1.0, 1.0), (0.02, -1.0, 1.0), (0.75, -1.0, 1.0), (0.0, -1.0, 1.0)],16.472
[(-0.1, -1.0, 10.0), (-0.3, -1.0, 1.0), (0.1, -1.0, 1.0), (0.02, -1.0, 1.0), (0.75, -1.0, 1.0), (0.0, -1.0, 1.0)],4.351
[(-0.1, -1.0, 10.0), (-0.3, -1.0, 1.0), (0.1, -1.0, 1.0), (0.02, -1.0, 1.0), (0.75, -1.0, 1.0), (0.0, -1.0, 1.0)],1.925
[(-0.1, -1.0, 10.0), (-0.3, -1.0, 1.0), (0.1, -1.0, 1.0), (0.02, -1.0, 1.0), (0.75, -1.0, 1.0), (0.0, -1.0, 1.0)],3.424
[(-0.1, -1.0, 10.0), (-0.3, -1.0, 1.0), (0.1, -1.0, 1.0), (0.02, -1.0, 1.0), (0.75, -1.0, 1.0), (0.0, -1.0, 1.0)],3.844
[(-0.1, -1.0, 10.0), (-0.3, -1.0, 1.0), (0.1, -1.0, 1.0), (0.02, -1.0, 1.0), (0.75, -1.0, 1.0), (0.0, -1.0, 1.0)],5.202
[(-0.1, -1.0, 10.0), (-0.3, -1.0, 1.0), (0.1, -1.0, 1.0), (0.02, -1.0, 1.0), (0.75, -1.0, 1.0), (0.0, -1.0, 1.0)],3.026
[(-0.1, -1.0, 10.0), (-0.3, -1.0, 1.0), (0.1, -1.0, 1.0), (0.02, -1.0, 1.0), (0.75, -1.0, 1.0), (0.0, -1.0, 1.0)],6.14
[(-0.1, -1.0, 10.0), (-0.3, -1.0, 1.0), (0.1, -1.0, 1.0), (0.02, -1.0, 1.0), (0.75, -1.0, 1.0), (0.0, -1.0, 1.0)],4.982
[(-0.1, -1.0, 10.0), (-0.3, -1.0, 1.0), (0.1, -1.0, 1.0), (0.02, -1.0, 1.0), (0.75, -1.0, 1.0), (0.0, -1.0, 1.0)],3.306
[(-0.1, -1.0, 10.0), (-0.3, -1.0, 1.0), (0.1, -1.0, 1.0), (0.02, -1.0, 1.0), (0.75, -1.0, 1.0), (0.0, -1.0, 1.0)],1.439
[(-0.1, -1.0, 10.0), (-0.3, -1.0, 1.0), (0.1, -1.0, 1.0), (0.02, -1.0, 1.0), (0.75, -1.0, 1.0), (0.0, -1.0, 1.0)],0.908
[(-0.1, -1.0, 10.0), (-0.3, -1.0, 1.0), (0.1, -1.0, 1.0), (0.02, -1.0, 1.0), (0.75, -1.0, 1.0), (0.0, -1.0, 1.0)],0.817
[(-0.1, -1.0, 10.0), (-0.3, -1.0, 1.0), (0.1, -1.0, 1.0), (0.02, -1.0, 1.0), (0.75, -1.0, 1.0), (0.0, -1.0, 1.0)],0.765
[(-0.1, -1.0, 10.0), (-0.3, -1.0, 1.0), (0.1, -1.0, 1.0), (0.02, -1.0, 1.0), (0.75, -1.0, 1.0), (0.0, -1.0, 1.0)],0.717
[(-0.1, -1.0, 10.0), (-0.3, -1.0, 1.0), (0.1, -1.0, 1.0), (0.02, -1.0, 1.0), (0.75, -1.0, 1.0), (0.0, -1.0, 1.0)],0.891
[(-0.1, -1.0, 10.0), (-0.3, -1.0, 1.0), (0.1, -1.0, 1.0), (0.02, -1.0, 1.0), (0.75, -1.0, 1.0), (0.0, -1.0, 1.0)],0.9
[(-0.1, -1.0, 10.0), (-0.3, -1.0, 1.0), (0.1, -1.0, 1.0), (0.02, -1.0, 1.0), (0.75, -1.0, 1.0), (0.0, -1.0, 1.0)],0.792
[(-0.1, -1.0, 10.0), (-0.3, -1.0, 1.0), (0.1, -1.0, 1.0), (0.02, -1.0, 1.0), (0.75, -1.0, 1.0), (0.0, -1.0, 1.0)],0.919
[(-0.1, -1.0, 10.0), (-0.3, -1.0, 1.0), (0.1, -1.0, 1.0), (0.02, -1.0, 1.0), (0.75, -1.0, 1.0), (0.0, -1.0, 1.0)],0.775
[(-0.1, -1.0, 10.0), (-0.3, -1.0, 1.0), (0.1, -1.0, 1.0), (0.02, -1.0, 1.0), (0.75, -1.0, 1.0), (0.0, -1.0, 1.0)],0.861
[(-0.1, -1.0, 10.0), (-0.3, -1.0, 1.0), (0.1, -1.0, 1.0), (0.02, -1.0, 1.0), (0.75, -1.0, 1.0), (0.0, -1.0, 1.0)],0.749
[(-0.1, -1.0, 10.0), (-0.3, -1.0, 1.0), (0.1, -1.0, 1.0), (0.02, -1.0, 1.0), (0.75, -1.0, 1.0), (0.0, -1.0, 1.0)],0.732
[(-0.1, -1.0, 10.0), (-0.3, -1.0, 1.0), (0.1, -1.0, 1.0), (0.02, -1.0, 1.0), (0.75, -1.0, 1.0), (0.0, -1.0, 1.0)],0.709
[(-0.1, -1.0, 10.0), (-0.3, -1.0, 1.0), (0.1, -1.0, 1.0), (0.02, -1.0, 1.0), (0.75, -1.0, 1.0), (0.0, -1.0, 1.0)],0.985
[(-0.1, -1.0, 10.0), (-0.3, -1.0, 1.0), (0.1, -1.0, 1.0), (0.02, -1.0, 1.0), (0.75, -1.0, 1.0), (0.0, -1.0, 1.0)],0.801
[(-0.1, -1.0, 10.0), (-0.3, -1.0, 1.0), (0.1, -1.0, 1.0), (0.02, -1.0, 1.0), (0.75, -1.0, 1.0), (0.0, -1.0, 1.0)],0.965
[(-0.1, -1.0, 10.0), (-0.3, -1.0, 1.0), (0.1, -1.0, 1.0), (0.02, -1.0, 1.0), (0.75, -1.0, 1.0), (0.0, -1.0, 1.0)],0.861
[(-0.1, -1.0, 10.0), (-0.3, -1.0, 1.0), (0.1, -1.0, 1.0), (0.02, -1.0, 1.0), (0.75, -1.0, 1.0), (0.0, -1.0, 1.0)],0.957
[(-0.1, -1.0, 10.0), (-0.3, -1.0, 1.0), (0.1, -1.0, 1.0), (0.02, -1.0, 1.0), (0.75, -1.0, 1.0), (0.0, -1.0, 1.0)],0.683
[(-0.1, -1.0, 10.0), (-0.3, -1.0, 1.0), (0.1, -1.0, 1.0), (0.02, -1.0, 1.0), (0.75, -1.0, 1.0), (0.0, -1.0, 1.0)],0.812
[(-0.1, -1.0, 10.0), (-0.3, -1.0, 1.0), (0.1, -1.0, 1.0), (0.02, -1.0, 1.0), (0.75, -1.0, 1.0), (0.0, -1.0, 1.0)],0.939
[(-0.1, -1.0, 10.0), (-0.3, -1.0, 1.0), (0.1, -1.0, 1.0), (0.02, -1.0, 1.0), (0.75, -1.0, 1.0), (0.0, -1.0, 1.0)],0.67
[(-0.1, -1.0, 10.0), (-0.3, -1.0, 1.0), (0.1, -1.0, 1.0), (0.02, -1.0, 1.0), (0.75, -1.0, 1.0), (0.0, -1.0, 1.0)],0.859
[(-0.1, -1.0, 10.0), (-0.3, -1.0, 1.0), (0.1, -1.0, 1.0), (0.02, -1.0, 1.0), (0.75, -1.0, 1.0), (0.0, -1.0, 1.0)],0.961
[(-0.1, -1.0, 10.0), (-0.3, -1.0, 1.0), (0.1, -1.0, 1.0), (0.02, -1.0, 1.0), (0.75, -1.0, 1.0), (0.0, -1.0, 1.0)],0.84
[(-0.1, -1.0, 10.0), (-0.3, -1.0, 1.0), (0.1, -1.0, 1.0), (0.02, -1.0, 1.0), (0.75, -1.0, 1.0), (0.0, -1.0, 1.0)],0.723
[(-0.1, -1.0, 10.0), (-0.3, -1.0, 1.0), (0.1, -1.0, 1.0), (0.02, -1.0, 1.0), (0.75, -1.0, 1.0), (0.0, -1.0, 1.0)],0.835
[(-0.1, -1.0, 10.0), (-0.3, -1.0, 1.0), (0.1, -1.0, 1.0), (0.02, -1.0, 1.0), (0.75, -1.0, 1.0), (0.0, -1.0, 1.0)],0.832
[(-0.1, -1.0, 10.0), (-0.3, -1.0, 1.0), (0.1, -1.0, 1.0), (0.02, -1.0, 1.0), (0.75, -1.0, 1.0), (0.0, -1.0, 1.0)],0.766
[(-0.1, -1.0, 10.0), (-0.3, -1.0, 1.0), (0.1, -1.0, 1.0), (0.02, -1.0, 1.0), (0.75, -1.0, 1.0), (0.0, -1.0, 1.0)],0.767
[(-0.1, -1.0, 10.0), (-0.3, -1.0, 1.0), (0.1, -1.0, 1.0), (0.02, -1.0, 1.0), (0.75, -1.0, 1.0), (0.0, -1.0, 1.0)],1.528
[(-0.1, -1.0, 10.0), (-0.3, -1.0, 1.0), (0.1, -1.0, 1.0), (0.02, -1.0, 1.0), (0.75, -1.0, 1.0), (0.0, -1.0, 1.0)],0.912
[(-0.1, -1.0, 10.0), (-0.3, -1.0, 1.0), (0.1, -1.0, 1.0), (0.02, -1.0, 1.0), (0.75, -1.0, 1.0), (0.0, -1.0, 1.0)],1.341
[(-0.1, -1.0, 10.0), (-0.3, -1.0, 1.0), (0.1, -1.0, 1.0), (0.02, -1.0, 1.0), (0.75, -1.0, 1.0), (0.0, -1.0, 1.0)],9.061
[(-0.1, -1.0, 10.0), (-0.3, -1.0, 1.0), (0.1, -1.0, 1.0), (0.02, -1.0, 1.0), (0.75, -1.0, 1.0), (0.0, -1.0, 1.0)],2.093
[(-0.1, -1.0, 10.0), (-0.3, -1.0, 1.0), (0.1, -1.0, 1.0), (0.02, -1.0, 1.0), (0.75, -1.0, 1.0), (0.0, -1.0, 1.0)],1.315
[(-0.1, -1.0, 10.0), (-0.3, -1.0, 1.0), (0.1, -1.0, 1.0), (0.02, -1.0, 1.0), (0.75, -1.0, 1.0), (0.0, -1.0, 1.0)],1.009
[(-0.1, -1.0, 10.0), (-0.3, -1.0, 1.0), (0.1, -1.0, 1.0), (0.02, -1.0, 1.0), (0.75, -1.0, 1.0), (0.0, -1.0, 1.0)],1.644
[(-0.1, -1.0, 10.0), (-0.3, -1.0, 1.0), (0.1, -1.0, 1.0), (0.02, -1.0, 1.0), (0.75, -1.0, 1.0), (0.0, -1.0, 1.0)],1.281
[(-0.1, -1.0, 10.0), (-0.3, -1.0, 1.0), (0.1, -1.0, 1.0), (0.02, -1.0, 1.0), (0.75, -1.0, 1.0), (0.0, -1.0, 1.0)],1.26
[(-0.1, -1.0, 10.0), (-0.3, -1.0, 1.0), (0.1, -1.0, 1.0), (0.02, -1.0, 1.0), (0.75, -1.0, 1.0), (0.0, -1.0, 1.0)],0.908
[(-0.1, -1.0, 10.0), (-0.3, -1.0, 1.0), (0.1, -1.0, 1.0), (0.02, -1.0, 1.0), (0.75, -1.0, 1.0), (0.0, -1.0, 1.0)],1.466
[(-0.1, -1.0, 10.0), (-0.3, -1.0, 1.0), (0.1, -1.0, 1.0), (0.02, -1.0, 1.0), (0.75, -1.0, 1.0), (0.0, -1.0, 1.0)],0.992
[(-0.1, -1.0, 10.0), (-0.3, -1.0, 1.0), (0.1, -1.0, 1.0), (0.02, -1.0, 1.0), (0.75, -1.0, 1.0), (0.0, -1.0, 1.0)],0.997
[(-0.1, -1.0, 10.0), (-0.3, -1.0, 1.0), (0.1, -1.0, 1.0), (0.02, -1.0, 1.0), (0.75, -1.0, 1.0), (0.0, -1.0, 1.0)],1.003
[(-0.1, -1.0, 10.0), (-0.3, -1.0, 1.0), (0.1, -1.0, 1.0), (0.02, -1.0, 1.0), (0.75, -1.0, 1.0), (0.0, -1.0, 1.0)],1.597
[(-0.1, -1.0, 10.0), (-0.3, -1.0, 1.0), (0.1, -1.0, 1.0), (0.02, -1.0, 1.0), (0.75, -1.0, 1.0), (0.0, -1.0, 1.0)],1.145
[(-0.1, -1.0, 10.0), (-0.3, -1.0, 1.0), (0.1, -1.0, 1.0), (0.02, -1.0, 1.0), (0.75, -1.0, 1.0), (0.0, -1.0, 1.0)],1.191
[(-0.1, -1.0, 10.0), (-0.3, -1.0, 1.0), (0.1, -1.0, 1.0), (0.02, -1.0, 1.0), (0.75, -1.0, 1.0), (0.0, -1.0, 1.0)],1.042
[(-0.1, -1.0, 10.0), (-0.3, -1.0, 1.0), (0.1, -1.0, 1.0), (0.02, -1.0, 1.0), (0.75, -1.0, 1.0), (0.0, -1.0, 1.0)],0.952
[(-0.1, -1.0, 10.0), (-0.3, -1.0, 1.0), (0.1, -1.0, 1.0), (0.02, -1.0, 1.0), (0.75, -1.0, 1.0), (0.0, -1.0, 1.0)],0.788
[(-0.1, -1.0, 10.0), (-0.3, -1.0, 1.0), (0.1, -1.0, 1.0), (0.02, -1.0, 1.0), (0.75, -1.0, 1.0), (0.0, -1.0, 1.0)],1.279
[(-0.1, -1.0, 10.0), (-0.3, -1.0, 1.0), (0.1, -1.0, 1.0), (0.02, -1.0, 1.0), (0.75, -1.0, 1.0), (0.0, -1.0, 1.0)],0.993
[(-0.1, -1.0, 10.0), (-0.3, -1.0, 1.0), (0.1, -1.0, 1.0), (0.02, -1.0, 1.0), (0.75, -1.0, 1.0), (0.0, -1.0, 1.0)],0.96
[(-0.1, -1.0, 10.0), (-0.3, -1.0, 1.0), (0.1, -1.0, 1.0), (0.02, -1.0, 1.0), (0.75, -1.0, 1.0), (0.0, -1.0, 1.0)],0.899
[(-0.1, -1.0, 10.0), (-0.3, -1.0, 1.0), (0.1, -1.0, 1.0), (0.02, -1.0, 1.0), (0.75, -1.0, 1.0), (0.0, -1.0, 1.0)],1.032
[(-0.1, -1.0, 10.0), (-0.3, -1.0, 1.0), (0.1, -1.0, 1.0), (0.02, -1.0, 1.0), (0.75, -1.0, 1.0), (0.0, -1.0, 1.0)],1.029
[(-0.1, -1.0, 10.0), (-0.3, -1.0, 1.0), (0.1, -1.0, 1.0), (0.02, -1.0, 1.0), (0.75, -1.0, 1.0), (0.0, -1.0, 1.0)],1.52
[(-0.1, -1.0, 10.0), (-0.3, -1.0, 1.0), (0.1, -1.0, 1.0), (0.02, -1.0, 1.0), (0.75, -1.0, 1.0), (0.0, -1.0, 1.0)],0.914
[(-0.1, -1.0, 10.0), (-0.3, -1.0, 1.0), (0.1, -1.0, 1.0), (0.02, -1.0, 1.0), (0.75, -1.0, 1.0), (0.0, -1.0, 1.0)],1.117
[(-0.1, -1.0, 10.0), (-0.3, -1.0, 1.0), (0.1, -1.0, 1.0), (0.02, -1.0, 1.0), (0.75, -1.0, 1.0), (0.0, -1.0, 1.0)],1.906
[(-0.1, -1.0, 10.0), (-0.3, -1.0, 1.0), (0.1, -1.0, 1.0), (0.02, -1.0, 1.0), (0.75, -1.0, 1.0), (0.0, -1.0, 1.0)],1.545
[(-0.1, -1.0, 10.0), (-0.3, -1.0, 1.0), (0.1, -1.0, 1.0), (0.02, -1.0, 1.0), (0.75, -1.0, 1.0), (0.0, -1.0, 1.0)],1.164
[(-0.1, -1.0, 10.0), (-0.3, -1.0, 1.0), (0.1, -1.0, 1.0), (0.02, -1.0, 1.0), (0.75, -1.0, 1.0), (0.0, -1.0, 1.0)],1.481
[(-0.1, -1.0, 10.0), (-0.3, -1.0, 1.0), (0.1, -1.0, 1.0), (0.02, -1.0, 1.0), (0.75, -1.0, 1.0), (0.0, -1.0, 1.0)],1.45
[(-0.1, -1.0, 10.0), (-0.3, -1.0, 1.0), (0.1, -1.0, 1.0), (0.02, -1.0, 1.0), (0.75, -1.0, 1.0), (0.0, -1.0, 1.0)],2.004
[(-0.1, -1.0, 10.0), (-0.3, -1.0, 1.0), (0.1, -1.0, 1.0), (0.02, -1.0, 1.0), (0.75, -1.0, 1.0), (0.0, -1.0, 1.0)],1.817
[(-0.1, -1.0, 10.0), (-0.3, -1.0, 1.0), (0.1, -1.0, 1.0), (0.02, -1.0, 1.0), (0.75, -1.0, 1.0), (0.0, -1.0, 1.0)],1.77
[(-0.1, -1.0, 10.0), (-0.3, -1.0, 1.0), (0.1, -1.0, 1.0), (0.02, -1.0, 1.0), (0.75, -1.0, 1.0), (0.0, -1.0, 1.0)],1.363
[(-0.1, -1.0, 10.0), (-0.3, -1.0, 1.0), (0.1, -1.0, 1.0), (0.02, -1.0, 1.0), (0.75, -1.0, 1.0), (0.0, -1.0, 1.0)],1.326
[(-0.1, -1.0, 10.0), (-0.3, -1.0, 1.0), (0.1, -1.0, 1.0), (0.02, -1.0, 1.0), (0.75, -1.0, 1.0), (0.0, -1.0, 1.0)],1.861
[(-0.1, -1.0, 10.0), (-0.3, -1.0, 1.0), (0.1, -1.0, 1.0), (0.02, -1.0, 1.0), (0.75, -1.0, 1.0), (0.0, -1.0, 1.0)],0.987
[(-0.1, -1.0, 10.0), (-0.3, -1.0, 1.0), (0.1, -1.0, 1.0), (0.02, -1.0, 1.0), (0.75, -1.0, 1.0), (0.0, -1.0, 1.0)],1.278
[(-0.1, -1.0, 10.0), (-0.3, -1.0, 1.0), (0.1, -1.0, 1.0), (0.02, -1.0, 1.0), (0.75, -1.0, 1.0), (0.0, -1.0, 1.0)],1.323
[(-0.1, -1.0, 10.0), (-0.3, -1.0, 1.0), (0.1, -1.0, 1.0), (0.02, -1.0, 1.0), (0.75, -1.0, 1.0), (0.0, -1.0, 1.0)],0.995
[(-0.1, -1.0, 10.0), (-0.3, -1.0, 1.0), (0.1, -1.0, 1.0), (0.02, -1.0, 1.0), (0.75, -1.0, 1.0), (0.0, -1.0, 1.0)],1.067
[(-0.1, -1.0, 10.0), (-0.3, -1.0, 1.0), (0.1, -1.0, 1.0), (0.02, -1.0, 1.0), (0.75, -1.0, 1.0), (0.0, -1.0, 1.0)],0.865
[(-0.1, -1.0, 10.0), (-0.3, -1.0, 1.0), (0.1, -1.0, 1.0), (0.02, -1.0, 1.0), (0.75, -1.0, 1.0), (0.0, -1.0, 1.0)],1.067
[(-0.1, -1.0, 10.0), (-0.3, -1.0, 1.0), (0.1, -1.0, 1.0), (0.02, -1.0, 1.0), (0.75, -1.0, 1.0), (0.0, -1.0, 1.0)],1.075
[(-0.1, -1.0, 10.0), (-0.3, -1.0, 1.0), (0.1, -1.0, 1.0), (0.02, -1.0, 1.0), (0.75, -1.0, 1.0), (0.0, -1.0, 1.0)],1.059
[(-0.1, -1.0, 10.0), (-0.3, -1.0, 1.0), (0.1, -1.0, 1.0), (0.02, -1.0, 1.0), (0.75, -1.0, 1.0), (0.0, -1.0, 1.0)],1.123
[(-0.1, -1.0, 10.0), (-0.3, -1.0, 1.0), (0.1, -1.0, 1.0), (0.02, -1.0, 1.0), (0.75, -1.0, 1.0), (0.0, -1.0, 1.0)],0.994
[(-0.1, -1.0, 10.0), (-0.3, -1.0, 1.0), (0.1, -1.0, 1.0), (0.02, -1.0, 1.0), (0.75, -1.0, 1.0), (0.0, -1.0, 1.0)],1.112
[(-0.1, -1.0, 10.0), (-0.3, -1.0, 1.0), (0.1, -1.0, 1.0), (0.02, -1.0, 1.0), (0.75, -1.0, 1.0), (0.0, -1.0, 1.0)],1.125
[(-0.1, -1.0, 10.0), (-0.3, -1.0, 1.0), (0.1, -1.0, 1.0), (0.02, -1.0, 1.0), (0.75, -1.0, 1.0), (0.0, -1.0, 1.0)],1.023
[(-0.1, -1.0, 10.0), (-0.3, -1.0, 1.0), (0.1, -1.0, 1.0), (0.02, -1.0, 1.0), (0.75, -1.0, 1.0), (0.0, -1.0, 1.0)],1.046
[(-0.1, -1.0, 10.0), (-0.3, -1.0, 1.0), (0.1, -1.0, 1.0), (0.02, -1.0, 1.0), (0.75, -1.0, 1.0), (0.0, -1.0, 1.0)],1.008
[(-0.1, -1.0, 10.0), (-0.3, -1.0, 1.0), (0.1, -1.0, 1.0), (0.02, -1.0, 1.0), (0.75, -1.0, 1.0), (0.0, -1.0, 1.0)],1.173
[(-0.1, -1.0, 10.0), (-0.3, -1.0, 1.0), (0.1, -1.0, 1.0), (0.02, -1.0, 1.0), (0.75, -1.0, 1.0), (0.0, -1.0, 1.0)],0.89
[(-0.1, -1.0, 10.0), (-0.3, -1.0, 1.0), (0.1, -1.0, 1.0), (0.02, -1.0, 1.0), (0.75, -1.0, 1.0), (0.0, -1.0, 1.0)],0.925
[(-0.1, -1.0, 10.0), (-0.3, -1.0, 1.0), (0.1, -1.0, 1.0), (0.02, -1.0, 1.0), (0.75, -1.0, 1.0), (0.0, -1.0, 1.0)],0.95
[(-0.1, -1.0, 10.0), (-0.3, -1.0, 1.0), (0.1, -1.0, 1.0), (0.02, -1.0, 1.0), (0.75, -1.0, 1.0), (0.0, -1.0, 1.0)],0.943
[(-0.1, -1.0, 10.0), (-0.3, -1.0, 1.0), (0.1, -1.0, 1.0), (0.02, -1.0, 1.0), (0.75, -1.0, 1.0), (0.0, -1.0, 1.0)],0.967
[(-0.1, -1.0, 10.0), (-0.3, -1.0, 1.0), (0.1, -1.0, 1.0), (0.02, -1.0, 1.0), (0.75, -1.0, 1.0), (0.0, -1.0, 1.0)],0.939
[(-0.1, -1.0, 10.0), (-0.3, -1.0, 1.0), (0.1, -1.0, 1.0), (0.02, -1.0, 1.0), (0.75, -1.0, 1.0), (0.0, -1.0, 1.0)],1.111
[(-0.1, -1.0, 10.0), (-0.3, -1.0, 1.0), (0.1, -1.0, 1.0), (0.02, -1.0, 1.0), (0.75, -1.0, 1.0), (0.0, -1.0, 1.0)],0.804
[(-0.1, -1.0, 10.0), (-0.3, -1.0, 1.0), (0.1, -1.0, 1.0), (0.02, -1.0, 1.0), (0.75, -1.0, 1.0), (0.0, -1.0, 1.0)],1.774
[(-0.1, -1.0, 10.0), (-0.3, -1.0, 1.0), (0.1, -1.0, 1.0), (0.02, -1.0, 1.0), (0.75, -1.0, 1.0), (0.0, -1.0, 1.0)],1.249
[(-0.1, -1.0, 10.0), (-0.3, -1.0, 1.0), (0.1, -1.0, 1.0), (0.02, -1.0, 1.0), (0.75, -1.0, 1.0), (0.0, -1.0, 1.0)],0.745
[(-0.1, -1.0, 10.0), (-0.3, -1.0, 1.0), (0.1, -1.0, 1.0), (0.02, -1.0, 1.0), (0.75, -1.0, 1.0), (0.0, -1.0, 1.0)],0.82
[(-0.1, -1.0, 10.0), (-0.3, -1.0, 1.0), (0.1, -1.0, 1.0), (0.02, -1.0, 1.0), (0.75, -1.0, 1.0), (0.0, -1.0, 1.0)],0.987
[(-0.1, -1.0, 10.0), (-0.3, -1.0, 1.0), (0.1, -1.0, 1.0), (0.02, -1.0, 1.0), (0.75, -1.0, 1.0), (0.0, -1.0, 1.0)],0.947
[(-0.1, -1.0, 10.0), (-0.3, -1.0, 1.0), (0.1, -1.0, 1.0), (0.02, -1.0, 1.0), (0.75, -1.0, 1.0), (0.0, -1.0, 1.0)],0.918
[(-0.1, -1.0, 10.0), (-0.3, -1.0, 1.0), (0.1, -1.0, 1.0), (0.02, -1.0, 1.0), (0.75, -1.0, 1.0), (0.0, -1.0, 1.0)],1.109
[(-0.1, -1.0, 10.0), (-0.3, -1.0, 1.0), (0.1, -1.0, 1.0), (0.02, -1.0, 1.0), (0.75, -1.0, 1.0), (0.0, -1.0, 1.0)],1.249
[(-0.1, -1.0, 10.0), (-0.3, -1.0, 1.0), (0.1, -1.0, 1.0), (0.02, -1.0, 1.0), (0.75, -1.0, 1.0), (0.0, -1.0, 1.0)],1.113
[(-0.1, -1.0, 10.0), (-0.3, -1.0, 1.0), (0.1, -1.0, 1.0), (0.02, -1.0, 1.0), (0.75, -1.0, 1.0), (0.0, -1.0, 1.0)],1.22
[(-0.1, -1.0, 10.0), (-0.3, -1.0, 1.0), (0.1, -1.0, 1.0), (0.02, -1.0, 1.0), (0.75, -1.0, 1.0), (0.0, -1.0, 1.0)],1.135
[(-0.1, -1.0, 10.0), (-0.3, -1.0, 1.0), (0.1, -1.0, 1.0), (0.02, -1.0, 1.0), (0.75, -1.0, 1.0), (0.0, -1.0, 1.0)],1.123
[(-0.1, -1.0, 10.0), (-0.3, -1.0, 1.0), (0.1, -1.0, 1.0), (0.02, -1.0, 1.0), (0.75, -1.0, 1.0), (0.0, -1.0, 1.0)],0.844
[(-0.1, -1.0, 10.0), (-0.3, -1.0, 1.0), (0.1, -1.0, 1.0), (0.02, -1.0, 1.0), (0.75, -1.0, 1.0), (0.0, -1.0, 1.0)],1.071
[(-0.1, -1.0, 10.0), (-0.3, -1.0, 1.0), (0.1, -1.0, 1.0), (0.02, -1.0, 1.0), (0.75, -1.0, 1.0), (0.0, -1.0, 1.0)],1.105
[(-0.1, -1.0, 10.0), (-0.3, -1.0, 1.0), (0.1, -1.0, 1.0), (0.02, -1.0, 1.0), (0.75, -1.0, 1.0), (0.0, -1.0, 1.0)],0.865
[(-0.1, -1.0, 10.0), (-0.3, -1.0, 1.0), (0.1, -1.0, 1.0), (0.02, -1.0, 1.0), (0.75, -1.0, 1.0), (0.0, -1.0, 1.0)],1.227
[(-0.1, -1.0, 10.0), (-0.3, -1.0, 1.0), (0.1, -1.0, 1.0), (0.02, -1.0, 1.0), (0.75, -1.0, 1.0), (0.0, -1.0, 1.0)],0.966
[(-0.1, -1.0, 10.0), (-0.3, -1.0, 1.0), (0.1, -1.0, 1.0), (0.02, -1.0, 1.0), (0.75, -1.0, 1.0), (0.0, -1.0, 1.0)],0.952
[(-0.1, -1.0, 10.0), (-0.3, -1.0, 1.0), (0.1, -1.0, 1.0), (0.02, -1.0, 1.0), (0.75, -1.0, 1.0), (0.0, -1.0, 1.0)],1.205
[(-0.1, -1.0, 10.0), (-0.3, -1.0, 1.0), (0.1, -1.0, 1.0), (0.02, -1.0, 1.0), (0.75, -1.0, 1.0), (0.0, -1.0, 1.0)],0.651
[(-0.1, -1.0, 10.0), (-0.3, -1.0, 1.0), (0.1, -1.0, 1.0), (0.02, -1.0, 1.0), (0.75, -1.0, 1.0), (0.0, -1.0, 1.0)],1.24
[(-0.1, -1.0, 10.0), (-0.3, -1.0, 1.0), (0.1, -1.0, 1.0), (0.02, -1.0, 1.0), (0.75, -1.0, 1.0), (0.0, -1.0, 1.0)],1.169
[(-0.1, -1.0, 10.0), (-0.3, -1.0, 1.0), (0.1, -1.0, 1.0), (0.02, -1.0, 1.0), (0.75, -1.0, 1.0), (0.0, -1.0, 1.0)],1.341
[(-0.1, -1.0, 10.0), (-0.3, -1.0, 1.0), (0.1, -1.0, 1.0), (0.02, -1.0, 1.0), (0.75, -1.0, 1.0), (0.0, -1.0, 1.0)],1.031
[(-0.1, -1.0, 10.0), (-0.3, -1.0, 1.0), (0.1, -1.0, 1.0), (0.02, -1.0, 1.0), (0.75, -1.0, 1.0), (0.0, -1.0, 1.0)],1.208
[(-0.1, -1.0, 10.0), (-0.3, -1.0, 1.0), (0.1, -1.0, 1.0), (0.02, -1.0, 1.0), (0.75, -1.0, 1.0), (0.0, -1.0, 1.0)],1.201
[(-0.1, -1.0, 10.0), (-0.3, -1.0, 1.0), (0.1, -1.0, 1.0), (0.02, -1.0, 1.0), (0.75, -1.0, 1.0), (0.0, -1.0, 1.0)],0.924
[(-0.1, -1.0, 10.0), (-0.3, -1.0, 1.0), (0.1, -1.0, 1.0), (0.02, -1.0, 1.0), (0.75, -1.0, 1.0), (0.0, -1.0, 1.0)],1.686
[(-0.1, -1.0, 10.0), (-0.3, -1.0, 1.0), (0.1, -1.0, 1.0), (0.02, -1.0, 1.0), (0.75, -1.0, 1.0), (0.0, -1.0, 1.0)],1.172
[(-0.1, -1.0, 10.0), (-0.3, -1.0, 1.0), (0.1, -1.0, 1.0), (0.02, -1.0, 1.0), (0.75, -1.0, 1.0), (0.0, -1.0, 1.0)],0.751
[(-0.1, -1.0, 10.0), (-0.3, -1.0, 1.0), (0.1, -1.0, 1.0), (0.02, -1.0, 1.0), (0.75, -1.0, 1.0), (0.0, -1.0, 1.0)],0.84
[(-0.1, -1.0, 10.0), (-0.3, -1.0, 1.0), (0.1, -1.0, 1.0), (0.02, -1.0, 1.0), (0.75, -1.0, 1.0), (0.0, -1.0, 1.0)],1.041
[(-0.1, -1.0, 10.0), (-0.3, -1.0, 1.0), (0.1, -1.0, 1.0), (0.02, -1.0, 1.0), (0.75, -1.0, 1.0), (0.0, -1.0, 1.0)],1.224
[(-0.1, -1.0, 10.0), (-0.3, -1.0, 1.0), (0.1, -1.0, 1.0), (0.02, -1.0, 1.0), (0.75, -1.0, 1.0), (0.0, -1.0, 1.0)],1.924
[(-0.1, -1.0, 10.0), (-0.3, -1.0, 1.0), (0.1, -1.0, 1.0), (0.02, -1.0, 1.0), (0.75, -1.0, 1.0), (0.0, -1.0, 1.0)],1.314
[(-0.1, -1.0, 10.0), (-0.3, -1.0, 1.0), (0.1, -1.0, 1.0), (0.02, -1.0, 1.0), (0.75, -1.0, 1.0), (0.0, -1.0, 1.0)],1.689
[(-0.1, -1.0, 10.0), (-0.3, -1.0, 1.0), (0.1, -1.0, 1.0), (0.02, -1.0, 1.0), (0.75, -1.0, 1.0), (0.0, -1.0, 1.0)],1.441
[(-0.1, -1.0, 10.0), (-0.3, -1.0, 1.0), (0.1, -1.0, 1.0), (0.02, -1.0, 1.0), (0.75, -1.0, 1.0), (0.0, -1.0, 1.0)],1.24
[(-0.1, -1.0, 10.0), (-0.3, -1.0, 1.0), (0.1, -1.0, 1.0), (0.02, -1.0, 1.0), (0.75, -1.0, 1.0), (0.0, -1.0, 1.0)],1.951
[(-0.1, -1.0, 10.0), (-0.3, -1.0, 1.0), (0.1, -1.0, 1.0), (0.02, -1.0, 1.0), (0.75, -1.0, 1.0), (0.0, -1.0, 1.0)],1.544
[(-0.1, -1.0, 10.0), (-0.3, -1.0, 1.0), (0.1, -1.0, 1.0), (0.02, -1.0, 1.0), (0.75, -1.0, 1.0), (0.0, -1.0, 1.0)],1.558
[(-0.1, -1.0, 10.0), (-0.3, -1.0, 1.0), (0.1, -1.0, 1.0), (0.02, -1.0, 1.0), (0.75, -1.0, 1.0), (0.0, -1.0, 1.0)],1.289
[(-0.1, -1.0, 10.0), (-0.3, -1.0, 1.0), (0.1, -1.0, 1.0), (0.02, -1.0, 1.0), (0.75, -1.0, 1.0), (0.0, -1.0, 1.0)],1.253
[(-0.1, -1.0, 10.0), (-0.3, -1.0, 1.0), (0.1, -1.0, 1.0), (0.02, -1.0, 1.0), (0.75, -1.0, 1.0), (0.0, -1.0, 1.0)],1.349
[(-0.1, -1.0, 10.0), (-0.3, -1.0, 1.0), (0.1, -1.0, 1.0), (0.02, -1.0, 1.0), (0.75, -1.0, 1.0), (0.0, -1.0, 1.0)],2.199
[(-0.1, -1.0, 10.0), (-0.3, -1.0, 1.0), (0.1, -1.0, 1.0), (0.02, -1.0, 1.0), (0.75, -1.0, 1.0), (0.0, -1.0, 1.0)],1.805
[(-0.1, -1.0, 10.0), (-0.3, -1.0, 1.0), (0.1, -1.0, 1.0), (0.02, -1.0, 1.0), (0.75, -1.0, 1.0), (0.0, -1.0, 1.0)],1.765
[(-0.1, -1.0, 10.0), (-0.3, -1.0, 1.0), (0.1, -1.0, 1.0), (0.02, -1.0, 1.0), (0.75, -1.0, 1.0), (0.0, -1.0, 1.0)],1.93
[(-0.1, -1.0, 10.0), (-0.3, -1.0, 1.0), (0.1, -1.0, 1.0), (0.02, -1.0, 1.0), (0.75, -1.0, 1.0), (0.0, -1.0, 1.0)],1.31
[(-0.1, -1.0, 10.0), (-0.3, -1.0, 1.0), (0.1, -1.0, 1.0), (0.02, -1.0, 1.0), (0.75, -1.0, 1.0), (0.0, -1.0, 1.0)],1.952
[(-0.1, -1.0, 10.0), (-0.3, -1.0, 1.0), (0.1, -1.0, 1.0), (0.02, -1.0, 1.0), (0.75, -1.0, 1.0), (0.0, -1.0, 1.0)],2.933
[(-0.1, -1.0, 10.0), (-0.3, -1.0, 1.0), (0.1, -1.0, 1.0), (0.02, -1.0, 1.0), (0.75, -1.0, 1.0), (0.0, -1.0, 1.0)],2.689
[(-0.1, -1.0, 10.0), (-0.3, -1.0, 1.0), (0.1, -1.0, 1.0), (0.02, -1.0, 1.0), (0.75, -1.0, 1.0), (0.0, -1.0, 1.0)],2.753
[(-0.1, -1.0, 10.0), (-0.3, -1.0, 1.0), (0.1, -1.0, 1.0), (0.02, -1.0, 1.0), (0.75, -1.0, 1.0), (0.0, -1.0, 1.0)],3.772
[(-0.1, -1.0, 10.0), (-0.3, -1.0, 1.0), (0.1, -1.0, 1.0), (0.02, -1.0, 1.0), (0.75, -1.0, 1.0), (0.0, -1.0, 1.0)],3.451
[(-0.1, -1.0, 10.0), (-0.3, -1.0, 1.0), (0.1, -1.0, 1.0), (0.02, -1.0, 1.0), (0.75, -1.0, 1.0), (0.0, -1.0, 1.0)],3.305
[(-0.1, -1.0, 10.0), (-0.3, -1.0, 1.0), (0.1, -1.0, 1.0), (0.02, -1.0, 1.0), (0.75, -1.0, 1.0), (0.0, -1.0, 1.0)],4.764
[(-0.1, -1.0, 10.0), (-0.3, -1.0, 1.0), (0.1, -1.0, 1.0), (0.02, -1.0, 1.0), (0.75, -1.0, 1.0), (0.0, -1.0, 1.0)],3.115
[(-0.1, -1.0, 10.0), (-0.3, -1.0, 1.0), (0.1, -1.0, 1.0), (0.02, -1.0, 1.0), (0.75, -1.0, 1.0), (0.0, -1.0, 1.0)],3.568
[(-0.1, -1.0, 10.0), (-0.3, -1.0, 1.0), (0.1, -1.0, 1.0), (0.02, -1.0, 1.0), (0.75, -1.0, 1.0), (0.0, -1.0, 1.0)],4.016
[(-0.1, -1.0, 10.0), (-0.3, -1.0, 1.0), (0.1, -1.0, 1.0), (0.02, -1.0, 1.0), (0.75, -1.0, 1.0), (0.0, -1.0, 1.0)],3.828
[(-0.1, -1.0, 10.0), (-0.3, -1.0, 1.0), (0.1, -1.0, 1.0), (0.02, -1.0, 1.0), (0.75, -1.0, 1.0), (0.0, -1.0, 1.0)],5.041
[(-0.1, -1.0, 10.0), (-0.3, -1.0, 1.0), (0.1, -1.0, 1.0), (0.02, -1.0, 1.0), (0.75, -1.0, 1.0), (0.0, -1.0, 1.0)],2.025
[(-0.1, -1.0, 10.0), (-0.3, -1.0, 1.0), (0.1, -1.0, 1.0), (0.02, -1.0, 1.0), (0.75, -1.0, 1.0), (0.0, -1.0, 1.0)],5.465
[(-0.1, -1.0, 10.0), (-0.3, -1.0, 1.0), (0.1, -1.0, 1.0), (0.02, -1.0, 1.0), (0.75, -1.0, 1.0), (0.0, -1.0, 1.0)],5.664
[(-0.1, -1.0, 10.0), (-0.3, -1.0, 1.0), (0.1, -1.0, 1.0), (0.02, -1.0, 1.0), (0.75, -1.0, 1.0), (0.0, -1.0, 1.0)],4.49
[(-0.1, -1.0, 10.0), (-0.3, -1.0, 1.0), (0.1, -1.0, 1.0), (0.02, -1.0, 1.0), (0.75, -1.0, 1.0), (0.0, -1.0, 1.0)],4.66
[(-0.1, -1.0, 10.0), (-0.3, -1.0, 1.0), (0.1, -1.0, 1.0), (0.02, -1.0, 1.0), (0.75, -1.0, 1.0), (0.0, -1.0, 1.0)],1.937
[(-0.1, -1.0, 10.0), (-0.3, -1.0, 1.0), (0.1, -1.0, 1.0), (0.02, -1.0, 1.0), (0.75, -1.0, 1.0), (0.0, -1.0, 1.0)],6.56
[(-0.1, -1.0, 10.0), (-0.3, -1.0, 1.0), (0.1, -1.0, 1.0), (0.02, -1.0, 1.0), (0.75, -1.0, 1.0), (0.0, -1.0, 1.0)],8.123
[(-0.1, -1.0, 10.0), (-0.3, -1.0, 1.0), (0.1, -1.0, 1.0), (0.02, -1.0, 1.0), (0.75, -1.0, 1.0), (0.0, -1.0, 1.0)],6.001
[(-0.1, -1.0, 10.0), (-0.3, -1.0, 1.0), (0.1, -1.0, 1.0), (0.02, -1.0, 1.0), (0.75, -1.0, 1.0), (0.0, -1.0, 1.0)],6.808
[(-0.1, -1.0, 10.0), (-0.3, -1.0, 1.0), (0.1, -1.0, 1.0), (0.02, -1.0, 1.0), (0.75, -1.0, 1.0), (0.0, -1.0, 1.0)],1.166
[(-0.1, -1.0, 10.0), (-0.3, -1.0, 1.0), (0.1, -1.0, 1.0), (0.02, -1.0, 1.0), (0.75, -1.0, 1.0), (0.0, -1.0, 1.0)],0.921
[(-0.1, -1.0, 10.0), (-0.3, -1.0, 1.0), (0.1, -1.0, 1.0), (0.02, -1.0, 1.0), (0.75, -1.0, 1.0), (0.0, -1.0, 1.0)],0.755
[(-0.1, -1.0, 10.0), (-0.3, -1.0, 1.0), (0.1, -1.0, 1.0), (0.02, -1.0, 1.0), (0.75, -1.0, 1.0), (0.0, -1.0, 1.0)],0.814
[(-0.1, -1.0, 10.0), (-0.3, -1.0, 1.0), (0.1, -1.0, 1.0), (0.02, -1.0, 1.0), (0.75, -1.0, 1.0), (0.0, -1.0, 1.0)],1.075
[(-0.1, -1.0, 10.0), (-0.3, -1.0, 1.0), (0.1, -1.0, 1.0), (0.02, -1.0, 1.0), (0.75, -1.0, 1.0), (0.0, -1.0, 1.0)],1.148
[(-0.1, -1.0, 10.0), (-0.3, -1.0, 1.0), (0.1, -1.0, 1.0), (0.02, -1.0, 1.0), (0.75, -1.0, 1.0), (0.0, -1.0, 1.0)],0.794
[(-0.1, -1.0, 10.0), (-0.3, -1.0, 1.0), (0.1, -1.0, 1.0), (0.02, -1.0, 1.0), (0.75, -1.0, 1.0), (0.0, -1.0, 1.0)],1.031
[(-0.1, -1.0, 10.0), (-0.3, -1.0, 1.0), (0.1, -1.0, 1.0), (0.02, -1.0, 1.0), (0.75, -1.0, 1.0), (0.0, -1.0, 1.0)],1.069
[(-0.1, -1.0, 10.0), (-0.3, -1.0, 1.0), (0.1, -1.0, 1.0), (0.02, -1.0, 1.0), (0.75, -1.0, 1.0), (0.0, -1.0, 1.0)],0.622
[(-0.1, -1.0, 10.0), (-0.3, -1.0, 1.0), (0.1, -1.0, 1.0), (0.02, -1.0, 1.0), (0.75, -1.0, 1.0), (0.0, -1.0, 1.0)],1.13
[(-0.1, -1.0, 10.0), (-0.3, -1.0, 1.0), (0.1, -1.0, 1.0), (0.02, -1.0, 1.0), (0.75, -1.0, 1.0), (0.0, -1.0, 1.0)],0.672
[(-0.1, -1.0, 10.0), (-0.3, -1.0, 1.0), (0.1, -1.0, 1.0), (0.02, -1.0, 1.0), (0.75, -1.0, 1.0), (0.0, -1.0, 1.0)],1.097
[(-0.1, -1.0, 10.0), (-0.3, -1.0, 1.0), (0.1, -1.0, 1.0), (0.02, -1.0, 1.0), (0.75, -1.0, 1.0), (0.0, -1.0, 1.0)],0.972
[(-0.1, -1.0, 10.0), (-0.3, -1.0, 1.0), (0.1, -1.0, 1.0), (0.02, -1.0, 1.0), (0.75, -1.0, 1.0), (0.0, -1.0, 1.0)],0.943
[(-0.1, -1.0, 10.0), (-0.3, -1.0, 1.0), (0.1, -1.0, 1.0), (0.02, -1.0, 1.0), (0.75, -1.0, 1.0), (0.0, -1.0, 1.0)],0.672
[(-0.1, -1.0, 10.0), (-0.3, -1.0, 1.0), (0.1, -1.0, 1.0), (0.02, -1.0, 1.0), (0.75, -1.0, 1.0), (0.0, -1.0, 1.0)],0.857
[(-0.1, -1.0, 10.0), (-0.3, -1.0, 1.0), (0.1, -1.0, 1.0), (0.02, -1.0, 1.0), (0.75, -1.0, 1.0), (0.0, -1.0, 1.0)],0.81
[(-0.1, -1.0, 10.0), (-0.3, -1.0, 1.0), (0.1, -1.0, 1.0), (0.02, -1.0, 1.0), (0.75, -1.0, 1.0), (0.0, -1.0, 1.0)],0.947
[(-0.1, -1.0, 10.0), (-0.3, -1.0, 1.0), (0.1, -1.0, 1.0), (0.02, -1.0, 1.0), (0.75, -1.0, 1.0), (0.0, -1.0, 1.0)],1.031
[(-0.1, -1.0, 10.0), (-0.3, -1.0, 1.0), (0.1, -1.0, 1.0), (0.02, -1.0, 1.0), (0.75, -1.0, 1.0), (0.0, -1.0, 1.0)],1.101
[(-0.1, -1.0, 10.0), (-0.3, -1.0, 1.0), (0.1, -1.0, 1.0), (0.02, -1.0, 1.0), (0.75, -1.0, 1.0), (0.0, -1.0, 1.0)],1.042
[(-0.1, -1.0, 10.0), (-0.3, -1.0, 1.0), (0.1, -1.0, 1.0), (0.02, -1.0, 1.0), (0.75, -1.0, 1.0), (0.0, -1.0, 1.0)],1.146
[(-0.1, -1.0, 10.0), (-0.3, -1.0, 1.0), (0.1, -1.0, 1.0), (0.02, -1.0, 1.0), (0.75, -1.0, 1.0), (0.0, -1.0, 1.0)],1.019
[(-0.1, -1.0, 10.0), (-0.3, -1.0, 1.0), (0.1, -1.0, 1.0), (0.02, -1.0, 1.0), (0.75, -1.0, 1.0), (0.0, -1.0, 1.0)],1.439
[(-0.1, -1.0, 10.0), (-0.3, -1.0, 1.0), (0.1, -1.0, 1.0), (0.02, -1.0, 1.0), (0.75, -1.0, 1.0), (0.0, -1.0, 1.0)],1.218
[(-0.1, -1.0, 10.0), (-0.3, -1.0, 1.0), (0.1, -1.0, 1.0), (0.02, -1.0, 1.0), (0.75, -1.0, 1.0), (0.0, -1.0, 1.0)],1.221
[(-0.1, -1.0, 10.0), (-0.3, -1.0, 1.0), (0.1, -1.0, 1.0), (0.02, -1.0, 1.0), (0.75, -1.0, 1.0), (0.0, -1.0, 1.0)],1.229
[(-0.1, -1.0, 10.0), (-0.3, -1.0, 1.0), (0.1, -1.0, 1.0), (0.02, -1.0, 1.0), (0.75, -1.0, 1.0), (0.0, -1.0, 1.0)],1.351
[(-0.1, -1.0, 10.0), (-0.3, -1.0, 1.0), (0.1, -1.0, 1.0), (0.02, -1.0, 1.0), (0.75, -1.0, 1.0), (0.0, -1.0, 1.0)],1.225
[(-0.1, -1.0, 10.0), (-0.3, -1.0, 1.0), (0.1, -1.0, 1.0), (0.02, -1.0, 1.0), (0.75, -1.0, 1.0), (0.0, -1.0, 1.0)],1.252
[(-0.1, -1.0, 10.0), (-0.3, -1.0, 1.0), (0.1, -1.0, 1.0), (0.02, -1.0, 1.0), (0.75, -1.0, 1.0), (0.0, -1.0, 1.0)],1.361
[(-0.1, -1.0, 10.0), (-0.3, -1.0, 1.0), (0.1, -1.0, 1.0), (0.02, -1.0, 1.0), (0.75, -1.0, 1.0), (0.0, -1.0, 1.0)],0.798
[(-0.1, -1.0, 10.0), (-0.3, -1.0, 1.0), (0.1, -1.0, 1.0), (0.02, -1.0, 1.0), (0.75, -1.0, 1.0), (0.0, -1.0, 1.0)],1.254
[(-0.1, -1.0, 10.0), (-0.3, -1.0, 1.0), (0.1, -1.0, 1.0), (0.02, -1.0, 1.0), (0.75, -1.0, 1.0), (0.0, -1.0, 1.0)],1.81
[(-0.1, -1.0, 10.0), (-0.3, -1.0, 1.0), (0.1, -1.0, 1.0), (0.02, -1.0, 1.0), (0.75, -1.0, 1.0), (0.0, -1.0, 1.0)],1.395
[(-0.1, -1.0, 10.0), (-0.3, -1.0, 1.0), (0.1, -1.0, 1.0), (0.02, -1.0, 1.0), (0.75, -1.0, 1.0), (0.0, -1.0, 1.0)],2.18
[(-0.1, -1.0, 10.0), (-0.3, -1.0, 1.0), (0.1, -1.0, 1.0), (0.02, -1.0, 1.0), (0.75, -1.0, 1.0), (0.0, -1.0, 1.0)],1.532
[(-0.1, -1.0, 10.0), (-0.3, -1.0, 1.0), (0.1, -1.0, 1.0), (0.02, -1.0, 1.0), (0.75, -1.0, 1.0), (0.0, -1.0, 1.0)],2.22
[(-0.1, -1.0, 10.0), (-0.3, -1.0, 1.0), (0.1, -1.0, 1.0), (0.02, -1.0, 1.0), (0.75, -1.0, 1.0), (0.0, -1.0, 1.0)],1.117
[(-0.1, -1.0, 10.0), (-0.3, -1.0, 1.0), (0.1, -1.0, 1.0), (0.02, -1.0, 1.0), (0.75, -1.0, 1.0), (0.0, -1.0, 1.0)],1.659
[(-0.1, -1.0, 10.0), (-0.3, -1.0, 1.0), (0.1, -1.0, 1.0), (0.02, -1.0, 1.0), (0.75, -1.0, 1.0), (0.0, -1.0, 1.0)],2.341
[(-0.1, -1.0, 10.0), (-0.3, -1.0, 1.0), (0.1, -1.0, 1.0), (0.02, -1.0, 1.0), (0.75, -1.0, 1.0), (0.0, -1.0, 1.0)],2.035
[(-0.1, -1.0, 10.0), (-0.3, -1.0, 1.0), (0.1, -1.0, 1.0), (0.02, -1.0, 1.0), (0.75, -1.0, 1.0), (0.0, -1.0, 1.0)],1.373
[(-0.1, -1.0, 10.0), (-0.3, -1.0, 1.0), (0.1, -1.0, 1.0), (0.02, -1.0, 1.0), (0.75, -1.0, 1.0), (0.0, -1.0, 1.0)],3.694
[(-0.1, -1.0, 10.0), (-0.3, -1.0, 1.0), (0.1, -1.0, 1.0), (0.02, -1.0, 1.0), (0.75, -1.0, 1.0), (0.0, -1.0, 1.0)],2.221
[(-0.1, -1.0, 10.0), (-0.3, -1.0, 1.0), (0.1, -1.0, 1.0), (0.02, -1.0, 1.0), (0.75, -1.0, 1.0), (0.0, -1.0, 1.0)],2.015
[(-0.1, -1.0, 10.0), (-0.3, -1.0, 1.0), (0.1, -1.0, 1.0), (0.02, -1.0, 1.0), (0.75, -1.0, 1.0), (0.0, -1.0, 1.0)],2.492
[(-0.1, -1.0, 10.0), (-0.3, -1.0, 1.0), (0.1, -1.0, 1.0), (0.02, -1.0, 1.0), (0.75, -1.0, 1.0), (0.0, -1.0, 1.0)],3.283
[(-0.1, -1.0, 10.0), (-0.3, -1.0, 1.0), (0.1, -1.0, 1.0), (0.02, -1.0, 1.0), (0.75, -1.0, 1.0), (0.0, -1.0, 1.0)],4.25
[(-0.1, -1.0, 10.0), (-0.3, -1.0, 1.0), (0.1, -1.0, 1.0), (0.02, -1.0, 1.0), (0.75, -1.0, 1.0), (0.0, -1.0, 1.0)],2.111
[(-0.1, -1.0, 10.0), (-0.3, -1.0, 1.0), (0.1, -1.0, 1.0), (0.02, -1.0, 1.0), (0.75, -1.0, 1.0), (0.0, -1.0, 1.0)],2.49
[(-0.1, -1.0, 10.0), (-0.3, -1.0, 1.0), (0.1, -1.0, 1.0), (0.02, -1.0, 1.0), (0.75, -1.0, 1.0), (0.0, -1.0, 1.0)],2.328
[(-0.1, -1.0, 10.0), (-0.3, -1.0, 1.0), (0.1, -1.0, 1.0), (0.02, -1.0, 1.0), (0.75, -1.0, 1.0), (0.0, -1.0, 1.0)],4.083
[(-0.1, -1.0, 10.0), (-0.3, -1.0, 1.0), (0.1, -1.0, 1.0), (0.02, -1.0, 1.0), (0.75, -1.0, 1.0), (0.0, -1.0, 1.0)],2.174
[(-0.1, -1.0, 10.0), (-0.3, -1.0, 1.0), (0.1, -1.0, 1.0), (0.02, -1.0, 1.0), (0.75, -1.0, 1.0), (0.0, -1.0, 1.0)],3.623
[(-0.1, -1.0, 10.0), (-0.3, -1.0, 1.0), (0.1, -1.0, 1.0), (0.02, -1.0, 1.0), (0.75, -1.0, 1.0), (0.0, -1.0, 1.0)],2.017
[(-0.1, -1.0, 10.0), (-0.3, -1.0, 1.0), (0.1, -1.0, 1.0), (0.02, -1.0, 1.0), (0.75, -1.0, 1.0), (0.0, -1.0, 1.0)],2.357
[(-0.1, -1.0, 10.0), (-0.3, -1.0, 1.0), (0.1, -1.0, 1.0), (0.02, -1.0, 1.0), (0.75, -1.0, 1.0), (0.0, -1.0, 1.0)],4.238
[(-0.1, -1.0, 10.0), (-0.3, -1.0, 1.0), (0.1, -1.0, 1.0), (0.02, -1.0, 1.0), (0.75, -1.0, 1.0), (0.0, -1.0, 1.0)],2.564
[(-0.1, -1.0, 10.0), (-0.3, -1.0, 1.0), (0.1, -1.0, 1.0), (0.02, -1.0, 1.0), (0.75, -1.0, 1.0), (0.0, -1.0, 1.0)],4.048
[(-0.1, -1.0, 10.0), (-0.3, -1.0, 1.0), (0.1, -1.0, 1.0), (0.02, -1.0, 1.0), (0.75, -1.0, 1.0), (0.0, -1.0, 1.0)],4.875
[(-0.1, -1.0, 10.0), (-0.3, -1.0, 1.0), (0.1, -1.0, 1.0), (0.02, -1.0, 1.0), (0.75, -1.0, 1.0), (0.0, -1.0, 1.0)],2.495
[(-0.1, -1.0, 10.0), (-0.3, -1.0, 1.0), (0.1, -1.0, 1.0), (0.02, -1.0, 1.0), (0.75, -1.0, 1.0), (0.0, -1.0, 1.0)],4.858
[(-0.1, -1.0, 10.0), (-0.3, -1.0, 1.0), (0.1, -1.0, 1.0), (0.02, -1.0, 1.0), (0.75, -1.0, 1.0), (0.0, -1.0, 1.0)],5.889
[(-0.1, -1.0, 10.0), (-0.3, -1.0, 1.0), (0.1, -1.0, 1.0), (0.02, -1.0, 1.0), (0.75, -1.0, 1.0), (0.0, -1.0, 1.0)],8.531
[(-0.1, -1.0, 10.0), (-0.3, -1.0, 1.0), (0.1, -1.0, 1.0), (0.02, -1.0, 1.0), (0.75, -1.0, 1.0), (0.0, -1.0, 1.0)],6.292
[(-0.1, -1.0, 10.0), (-0.3, -1.0, 1.0), (0.1, -1.0, 1.0), (0.02, -1.0, 1.0), (0.75, -1.0, 1.0), (0.0, -1.0, 1.0)],5.466
[(-0.1, -1.0, 10.0), (-0.3, -1.0, 1.0), (0.1, -1.0, 1.0), (0.02, -1.0, 1.0), (0.75, -1.0, 1.0), (0.0, -1.0, 1.0)],3.892
[(-0.1, -1.0, 10.0), (-0.3, -1.0, 1.0), (0.1, -1.0, 1.0), (0.02, -1.0, 1.0), (0.75, -1.0, 1.0), (0.0, -1.0, 1.0)],5.971
[(-0.1, -1.0, 10.0), (-0.3, -1.0, 1.0), (0.1, -1.0, 1.0), (0.02, -1.0, 1.0), (0.75, -1.0, 1.0), (0.0, -1.0, 1.0)],1.191
[(-0.1, -1.0, 10.0), (-0.3, -1.0, 1.0), (0.1, -1.0, 1.0), (0.02, -1.0, 1.0), (0.75, -1.0, 1.0), (0.0, -1.0, 1.0)],0.691
[(-0.1, -1.0, 10.0), (-0.3, -1.0, 1.0), (0.1, -1.0, 1.0), (0.02, -1.0, 1.0), (0.75, -1.0, 1.0), (0.0, -1.0, 1.0)],0.599
[(-0.1, -1.0, 10.0), (-0.3, -1.0, 1.0), (0.1, -1.0, 1.0), (0.02, -1.0, 1.0), (0.75, -1.0, 1.0), (0.0, -1.0, 1.0)],0.69
[(-0.1, -1.0, 10.0), (-0.3, -1.0, 1.0), (0.1, -1.0, 1.0), (0.02, -1.0, 1.0), (0.75, -1.0, 1.0), (0.0, -1.0, 1.0)],0.763
[(-0.1, -1.0, 10.0), (-0.3, -1.0, 1.0), (0.1, -1.0, 1.0), (0.02, -1.0, 1.0), (0.75, -1.0, 1.0), (0.0, -1.0, 1.0)],0.692
[(-0.1, -1.0, 10.0), (-0.3, -1.0, 1.0), (0.1, -1.0, 1.0), (0.02, -1.0, 1.0), (0.75, -1.0, 1.0), (0.0, -1.0, 1.0)],0.877
[(-0.1, -1.0, 10.0), (-0.3, -1.0, 1.0), (0.1, -1.0, 1.0), (0.02, -1.0, 1.0), (0.75, -1.0, 1.0), (0.0, -1.0, 1.0)],0.941
[(-0.1, -1.0, 10.0), (-0.3, -1.0, 1.0), (0.1, -1.0, 1.0), (0.02, -1.0, 1.0), (0.75, -1.0, 1.0), (0.0, -1.0, 1.0)],0.738
[(-0.1, -1.0, 10.0), (-0.3, -1.0, 1.0), (0.1, -1.0, 1.0), (0.02, -1.0, 1.0), (0.75, -1.0, 1.0), (0.0, -1.0, 1.0)],0.87
[(-0.1, -1.0, 10.0), (-0.3, -1.0, 1.0), (0.1, -1.0, 1.0), (0.02, -1.0, 1.0), (0.75, -1.0, 1.0), (0.0, -1.0, 1.0)],0.62
[(-0.1, -1.0, 10.0), (-0.3, -1.0, 1.0), (0.1, -1.0, 1.0), (0.02, -1.0, 1.0), (0.75, -1.0, 1.0), (0.0, -1.0, 1.0)],0.578
[(-0.1, -1.0, 10.0), (-0.3, -1.0, 1.0), (0.1, -1.0, 1.0), (0.02, -1.0, 1.0), (0.75, -1.0, 1.0), (0.0, -1.0, 1.0)],0.826
[(-0.1, -1.0, 10.0), (-0.3, -1.0, 1.0), (0.1, -1.0, 1.0), (0.02, -1.0, 1.0), (0.75, -1.0, 1.0), (0.0, -1.0, 1.0)],0.7
[(-0.1, -1.0, 10.0), (-0.3, -1.0, 1.0), (0.1, -1.0, 1.0), (0.02, -1.0, 1.0), (0.75, -1.0, 1.0), (0.0, -1.0, 1.0)],0.765
[(-0.1, -1.0, 10.0), (-0.3, -1.0, 1.0), (0.1, -1.0, 1.0), (0.02, -1.0, 1.0), (0.75, -1.0, 1.0), (0.0, -1.0, 1.0)],0.772
[(-0.1, -1.0, 10.0), (-0.3, -1.0, 1.0), (0.1, -1.0, 1.0), (0.02, -1.0, 1.0), (0.75, -1.0, 1.0), (0.0, -1.0, 1.0)],0.793
[(-0.1, -1.0, 10.0), (-0.3, -1.0, 1.0), (0.1, -1.0, 1.0), (0.02, -1.0, 1.0), (0.75, -1.0, 1.0), (0.0, -1.0, 1.0)],0.628
[(-0.1, -1.0, 10.0), (-0.3, -1.0, 1.0), (0.1, -1.0, 1.0), (0.02, -1.0, 1.0), (0.75, -1.0, 1.0), (0.0, -1.0, 1.0)],0.75
[(-0.1, -1.0, 10.0), (-0.3, -1.0, 1.0), (0.1, -1.0, 1.0), (0.02, -1.0, 1.0), (0.75, -1.0, 1.0), (0.0, -1.0, 1.0)],0.985
[(-0.1, -1.0, 10.0), (-0.3, -1.0, 1.0), (0.1, -1.0, 1.0), (0.02, -1.0, 1.0), (0.75, -1.0, 1.0), (0.0, -1.0, 1.0)],0.807
[(-0.1, -1.0, 10.0), (-0.3, -1.0, 1.0), (0.1, -1.0, 1.0), (0.02, -1.0, 1.0), (0.75, -1.0, 1.0), (0.0, -1.0, 1.0)],0.788
[(-0.1, -1.0, 10.0), (-0.3, -1.0, 1.0), (0.1, -1.0, 1.0), (0.02, -1.0, 1.0), (0.75, -1.0, 1.0), (0.0, -1.0, 1.0)],0.668
[(-0.1, -1.0, 10.0), (-0.3, -1.0, 1.0), (0.1, -1.0, 1.0), (0.02, -1.0, 1.0), (0.75, -1.0, 1.0), (0.0, -1.0, 1.0)],0.944
[(-0.1, -1.0, 10.0), (-0.3, -1.0, 1.0), (0.1, -1.0, 1.0), (0.02, -1.0, 1.0), (0.75, -1.0, 1.0), (0.0, -1.0, 1.0)],0.74
[(-0.1, -1.0, 10.0), (-0.3, -1.0, 1.0), (0.1, -1.0, 1.0), (0.02, -1.0, 1.0), (0.75, -1.0, 1.0), (0.0, -1.0, 1.0)],0.869
[(-0.1, -1.0, 10.0), (-0.3, -1.0, 1.0), (0.1, -1.0, 1.0), (0.02, -1.0, 1.0), (0.75, -1.0, 1.0), (0.0, -1.0, 1.0)],0.852
[(-0.1, -1.0, 10.0), (-0.3, -1.0, 1.0), (0.1, -1.0, 1.0), (0.02, -1.0, 1.0), (0.75, -1.0, 1.0), (0.0, -1.0, 1.0)],0.688
[(-0.1, -1.0, 10.0), (-0.3, -1.0, 1.0), (0.1, -1.0, 1.0), (0.02, -1.0, 1.0), (0.75, -1.0, 1.0), (0.0, -1.0, 1.0)],0.691
[(-0.1, -1.0, 10.0), (-0.3, -1.0, 1.0), (0.1, -1.0, 1.0), (0.02, -1.0, 1.0), (0.75, -1.0, 1.0), (0.0, -1.0, 1.0)],0.8
[(-0.1, -1.0, 10.0), (-0.3, -1.0, 1.0), (0.1, -1.0, 1.0), (0.02, -1.0, 1.0), (0.75, -1.0, 1.0), (0.0, -1.0, 1.0)],0.855
[(-0.1, -1.0, 10.0), (-0.3, -1.0, 1.0), (0.1, -1.0, 1.0), (0.02, -1.0, 1.0), (0.75, -1.0, 1.0), (0.0, -1.0, 1.0)],0.736
[(-0.1, -1.0, 10.0), (-0.3, -1.0, 1.0), (0.1, -1.0, 1.0), (0.02, -1.0, 1.0), (0.75, -1.0, 1.0), (0.0, -1.0, 1.0)],0.944
[(-0.1, -1.0, 10.0), (-0.3, -1.0, 1.0), (0.1, -1.0, 1.0), (0.02, -1.0, 1.0), (0.75, -1.0, 1.0), (0.0, -1.0, 1.0)],0.844
[(-0.1, -1.0, 10.0), (-0.3, -1.0, 1.0), (0.1, -1.0, 1.0), (0.02, -1.0, 1.0), (0.75, -1.0, 1.0), (0.0, -1.0, 1.0)],0.656
[(-0.1, -1.0, 10.0), (-0.3, -1.0, 1.0), (0.1, -1.0, 1.0), (0.02, -1.0, 1.0), (0.75, -1.0, 1.0), (0.0, -1.0, 1.0)],0.73
[(-0.1, -1.0, 10.0), (-0.3, -1.0, 1.0), (0.1, -1.0, 1.0), (0.02, -1.0, 1.0), (0.75, -1.0, 1.0), (0.0, -1.0, 1.0)],0.746
[(-0.1, -1.0, 10.0), (-0.3, -1.0, 1.0), (0.1, -1.0, 1.0), (0.02, -1.0, 1.0), (0.75, -1.0, 1.0), (0.0, -1.0, 1.0)],0.896
[(-0.1, -1.0, 10.0), (-0.3, -1.0, 1.0), (0.1, -1.0, 1.0), (0.02, -1.0, 1.0), (0.75, -1.0, 1.0), (0.0, -1.0, 1.0)],0.924
[(-0.1, -1.0, 10.0), (-0.3, -1.0, 1.0), (0.1, -1.0, 1.0), (0.02, -1.0, 1.0), (0.75, -1.0, 1.0), (0.0, -1.0, 1.0)],0.875
[(-0.1, -1.0, 10.0), (-0.3, -1.0, 1.0), (0.1, -1.0, 1.0), (0.02, -1.0, 1.0), (0.75, -1.0, 1.0), (0.0, -1.0, 1.0)],0.963
[(-0.1, -1.0, 10.0), (-0.3, -1.0, 1.0), (0.1, -1.0, 1.0), (0.02, -1.0, 1.0), (0.75, -1.0, 1.0), (0.0, -1.0, 1.0)],0.773
[(-0.1, -1.0, 10.0), (-0.3, -1.0, 1.0), (0.1, -1.0, 1.0), (0.02, -1.0, 1.0), (0.75, -1.0, 1.0), (0.0, -1.0, 1.0)],0.925
[(-0.1, -1.0, 10.0), (-0.3, -1.0, 1.0), (0.1, -1.0, 1.0), (0.02, -1.0, 1.0), (0.75, -1.0, 1.0), (0.0, -1.0, 1.0)],0.737
[(-0.1, -1.0, 10.0), (-0.3, -1.0, 1.0), (0.1, -1.0, 1.0), (0.02, -1.0, 1.0), (0.75, -1.0, 1.0), (0.0, -1.0, 1.0)],0.935
[(-0.1, -1.0, 10.0), (-0.3, -1.0, 1.0), (0.1, -1.0, 1.0), (0.02, -1.0, 1.0), (0.75, -1.0, 1.0), (0.0, -1.0, 1.0)],0.733
[(-0.1, -1.0, 10.0), (-0.3, -1.0, 1.0), (0.1, -1.0, 1.0), (0.02, -1.0, 1.0), (0.75, -1.0, 1.0), (0.0, -1.0, 1.0)],1.054
[(-0.1, -1.0, 10.0), (-0.3, -1.0, 1.0), (0.1, -1.0, 1.0), (0.02, -1.0, 1.0), (0.75, -1.0, 1.0), (0.0, -1.0, 1.0)],0.909
[(-0.1, -1.0, 10.0), (-0.3, -1.0, 1.0), (0.1, -1.0, 1.0), (0.02, -1.0, 1.0), (0.75, -1.0, 1.0), (0.0, -1.0, 1.0)],0.74
[(-0.1, -1.0, 10.0), (-0.3, -1.0, 1.0), (0.1, -1.0, 1.0), (0.02, -1.0, 1.0), (0.75, -1.0, 1.0), (0.0, -1.0, 1.0)],0.91
[(-0.1, -1.0, 10.0), (-0.3, -1.0, 1.0), (0.1, -1.0, 1.0), (0.02, -1.0, 1.0), (0.75, -1.0, 1.0), (0.0, -1.0, 1.0)],0.594
[(-0.1, -1.0, 10.0), (-0.3, -1.0, 1.0), (0.1, -1.0, 1.0), (0.02, -1.0, 1.0), (0.75, -1.0, 1.0), (0.0, -1.0, 1.0)],0.641
[(-0.1, -1.0, 10.0), (-0.3, -1.0, 1.0), (0.1, -1.0, 1.0), (0.02, -1.0, 1.0), (0.75, -1.0, 1.0), (0.0, -1.0, 1.0)],0.659
[(-0.1, -1.0, 10.0), (-0.3, -1.0, 1.0), (0.1, -1.0, 1.0), (0.02, -1.0, 1.0), (0.75, -1.0, 1.0), (0.0, -1.0, 1.0)],0.895
[(-0.1, -1.0, 10.0), (-0.3, -1.0, 1.0), (0.1, -1.0, 1.0), (0.02, -1.0, 1.0), (0.75, -1.0, 1.0), (0.0, -1.0, 1.0)],1.508
[(-0.1, -1.0, 10.0), (-0.3, -1.0, 1.0), (0.1, -1.0, 1.0), (0.02, -1.0, 1.0), (0.75, -1.0, 1.0), (0.0, -1.0, 1.0)],0.908
[(-0.1, -1.0, 10.0), (-0.3, -1.0, 1.0), (0.1, -1.0, 1.0), (0.02, -1.0, 1.0), (0.75, -1.0, 1.0), (0.0, -1.0, 1.0)],0.937
[(-0.1, -1.0, 10.0), (-0.3, -1.0, 1.0), (0.1, -1.0, 1.0), (0.02, -1.0, 1.0), (0.75, -1.0, 1.0), (0.0, -1.0, 1.0)],1.353
[(-0.1, -1.0, 10.0), (-0.3, -1.0, 1.0), (0.1, -1.0, 1.0), (0.02, -1.0, 1.0), (0.75, -1.0, 1.0), (0.0, -1.0, 1.0)],1.19
[(-0.1, -1.0, 10.0), (-0.3, -1.0, 1.0), (0.1, -1.0, 1.0), (0.02, -1.0, 1.0), (0.75, -1.0, 1.0), (0.0, -1.0, 1.0)],0.946
[(-0.1, -1.0, 10.0), (-0.3, -1.0, 1.0), (0.1, -1.0, 1.0), (0.02, -1.0, 1.0), (0.75, -1.0, 1.0), (0.0, -1.0, 1.0)],0.927
[(-0.1, -1.0, 10.0), (-0.3, -1.0, 1.0), (0.1, -1.0, 1.0), (0.02, -1.0, 1.0), (0.75, -1.0, 1.0), (0.0, -1.0, 1.0)],0.932
[(-0.1, -1.0, 10.0), (-0.3, -1.0, 1.0), (0.1, -1.0, 1.0), (0.02, -1.0, 1.0), (0.75, -1.0, 1.0), (0.0, -1.0, 1.0)],0.934
[(-0.1, -1.0, 10.0), (-0.3, -1.0, 1.0), (0.1, -1.0, 1.0), (0.02, -1.0, 1.0), (0.75, -1.0, 1.0), (0.0, -1.0, 1.0)],1.06
[(-0.1, -1.0, 10.0), (-0.3, -1.0, 1.0), (0.1, -1.0, 1.0), (0.02, -1.0, 1.0), (0.75, -1.0, 1.0), (0.0, -1.0, 1.0)],0.865
[(-0.1, -1.0, 10.0), (-0.3, -1.0, 1.0), (0.1, -1.0, 1.0), (0.02, -1.0, 1.0), (0.75, -1.0, 1.0), (0.0, -1.0, 1.0)],1.057
[(-0.1, -1.0, 10.0), (-0.3, -1.0, 1.0), (0.1, -1.0, 1.0), (0.02, -1.0, 1.0), (0.75, -1.0, 1.0), (0.0, -1.0, 1.0)],1.009
[(-0.1, -1.0, 10.0), (-0.3, -1.0, 1.0), (0.1, -1.0, 1.0), (0.02, -1.0, 1.0), (0.75, -1.0, 1.0), (0.0, -1.0, 1.0)],0.995
[(-0.1, -1.0, 10.0), (-0.3, -1.0, 1.0), (0.1, -1.0, 1.0), (0.02, -1.0, 1.0), (0.75, -1.0, 1.0), (0.0, -1.0, 1.0)],0.909
[(-0.1, -1.0, 10.0), (-0.3, -1.0, 1.0), (0.1, -1.0, 1.0), (0.02, -1.0, 1.0), (0.75, -1.0, 1.0), (0.0, -1.0, 1.0)],1.089
[(-0.1, -1.0, 10.0), (-0.3, -1.0, 1.0), (0.1, -1.0, 1.0), (0.02, -1.0, 1.0), (0.75, -1.0, 1.0), (0.0, -1.0, 1.0)],0.997
[(-0.1, -1.0, 10.0), (-0.3, -1.0, 1.0), (0.1, -1.0, 1.0), (0.02, -1.0, 1.0), (0.75, -1.0, 1.0), (0.0, -1.0, 1.0)],0.814
[(-0.1, -1.0, 10.0), (-0.3, -1.0, 1.0), (0.1, -1.0, 1.0), (0.02, -1.0, 1.0), (0.75, -1.0, 1.0), (0.0, -1.0, 1.0)],1.126
[(-0.1, -1.0, 10.0), (-0.3, -1.0, 1.0), (0.1, -1.0, 1.0), (0.02, -1.0, 1.0), (0.75, -1.0, 1.0), (0.0, -1.0, 1.0)],1.08
[(-0.1, -1.0, 10.0), (-0.3, -1.0, 1.0), (0.1, -1.0, 1.0), (0.02, -1.0, 1.0), (0.75, -1.0, 1.0), (0.0, -1.0, 1.0)],1.171
[(-0.1, -1.0, 10.0), (-0.3, -1.0, 1.0), (0.1, -1.0, 1.0), (0.02, -1.0, 1.0), (0.75, -1.0, 1.0), (0.0, -1.0, 1.0)],1.111
[(-0.1, -1.0, 10.0), (-0.3, -1.0, 1.0), (0.1, -1.0, 1.0), (0.02, -1.0, 1.0), (0.75, -1.0, 1.0), (0.0, -1.0, 1.0)],0.906
[(-0.1, -1.0, 10.0), (-0.3, -1.0, 1.0), (0.1, -1.0, 1.0), (0.02, -1.0, 1.0), (0.75, -1.0, 1.0), (0.0, -1.0, 1.0)],1.155
[(-0.1, -1.0, 10.0), (-0.3, -1.0, 1.0), (0.1, -1.0, 1.0), (0.02, -1.0, 1.0), (0.75, -1.0, 1.0), (0.0, -1.0, 1.0)],0.936
[(-0.1, -1.0, 10.0), (-0.3, -1.0, 1.0), (0.1, -1.0, 1.0), (0.02, -1.0, 1.0), (0.75, -1.0, 1.0), (0.0, -1.0, 1.0)],0.991
[(-0.1, -1.0, 10.0), (-0.3, -1.0, 1.0), (0.1, -1.0, 1.0), (0.02, -1.0, 1.0), (0.75, -1.0, 1.0), (0.0, -1.0, 1.0)],0.744
[(-0.1, -1.0, 10.0), (-0.3, -1.0, 1.0), (0.1, -1.0, 1.0), (0.02, -1.0, 1.0), (0.75, -1.0, 1.0), (0.0, -1.0, 1.0)],0.866
[(-0.1, -1.0, 10.0), (-0.3, -1.0, 1.0), (0.1, -1.0, 1.0), (0.02, -1.0, 1.0), (0.75, -1.0, 1.0), (0.0, -1.0, 1.0)],1.029
[(-0.1, -1.0, 10.0), (-0.3, -1.0, 1.0), (0.1, -1.0, 1.0), (0.02, -1.0, 1.0), (0.75, -1.0, 1.0), (0.0, -1.0, 1.0)],0.962
[(-0.1, -1.0, 10.0), (-0.3, -1.0, 1.0), (0.1, -1.0, 1.0), (0.02, -1.0, 1.0), (0.75, -1.0, 1.0), (0.0, -1.0, 1.0)],1.304
[(-0.1, -1.0, 10.0), (-0.3, -1.0, 1.0), (0.1, -1.0, 1.0), (0.02, -1.0, 1.0), (0.75, -1.0, 1.0), (0.0, -1.0, 1.0)],1.155
[(-0.1, -1.0, 10.0), (-0.3, -1.0, 1.0), (0.1, -1.0, 1.0), (0.02, -1.0, 1.0), (0.75, -1.0, 1.0), (0.0, -1.0, 1.0)],0.964
[(-0.1, -1.0, 10.0), (-0.3, -1.0, 1.0), (0.1, -1.0, 1.0), (0.02, -1.0, 1.0), (0.75, -1.0, 1.0), (0.0, -1.0, 1.0)],1.256
[(-0.1, -1.0, 10.0), (-0.3, -1.0, 1.0), (0.1, -1.0, 1.0), (0.02, -1.0, 1.0), (0.75, -1.0, 1.0), (0.0, -1.0, 1.0)],1.218
[(-0.1, -1.0, 10.0), (-0.3, -1.0, 1.0), (0.1, -1.0, 1.0), (0.02, -1.0, 1.0), (0.75, -1.0, 1.0), (0.0, -1.0, 1.0)],1.167
[(-0.1, -1.0, 10.0), (-0.3, -1.0, 1.0), (0.1, -1.0, 1.0), (0.02, -1.0, 1.0), (0.75, -1.0, 1.0), (0.0, -1.0, 1.0)],1.398
[(-0.1, -1.0, 10.0), (-0.3, -1.0, 1.0), (0.1, -1.0, 1.0), (0.02, -1.0, 1.0), (0.75, -1.0, 1.0), (0.0, -1.0, 1.0)],1.473
[(-0.1, -1.0, 10.0), (-0.3, -1.0, 1.0), (0.1, -1.0, 1.0), (0.02, -1.0, 1.0), (0.75, -1.0, 1.0), (0.0, -1.0, 1.0)],1.73
[(-0.1, -1.0, 10.0), (-0.3, -1.0, 1.0), (0.1, -1.0, 1.0), (0.02, -1.0, 1.0), (0.75, -1.0, 1.0), (0.0, -1.0, 1.0)],1.056
[(-0.1, -1.0, 10.0), (-0.3, -1.0, 1.0), (0.1, -1.0, 1.0), (0.02, -1.0, 1.0), (0.75, -1.0, 1.0), (0.0, -1.0, 1.0)],1.89
[(-0.1, -1.0, 10.0), (-0.3, -1.0, 1.0), (0.1, -1.0, 1.0), (0.02, -1.0, 1.0), (0.75, -1.0, 1.0), (0.0, -1.0, 1.0)],1.432
[(-0.1, -1.0, 10.0), (-0.3, -1.0, 1.0), (0.1, -1.0, 1.0), (0.02, -1.0, 1.0), (0.75, -1.0, 1.0), (0.0, -1.0, 1.0)],1.276
[(-0.1, -1.0, 10.0), (-0.3, -1.0, 1.0), (0.1, -1.0, 1.0), (0.02, -1.0, 1.0), (0.75, -1.0, 1.0), (0.0, -1.0, 1.0)],1.655
[(-0.1, -1.0, 10.0), (-0.3, -1.0, 1.0), (0.1, -1.0, 1.0), (0.02, -1.0, 1.0), (0.75, -1.0, 1.0), (0.0, -1.0, 1.0)],2.201
[(-0.1, -1.0, 10.0), (-0.3, -1.0, 1.0), (0.1, -1.0, 1.0), (0.02, -1.0, 1.0), (0.75, -1.0, 1.0), (0.0, -1.0, 1.0)],0.924
[(-0.1, -1.0, 10.0), (-0.3, -1.0, 1.0), (0.1, -1.0, 1.0), (0.02, -1.0, 1.0), (0.75, -1.0, 1.0), (0.0, -1.0, 1.0)],1.539
[(-0.1, -1.0, 10.0), (-0.3, -1.0, 1.0), (0.1, -1.0, 1.0), (0.02, -1.0, 1.0), (0.75, -1.0, 1.0), (0.0, -1.0, 1.0)],1.846
[(-0.1, -1.0, 10.0), (-0.3, -1.0, 1.0), (0.1, -1.0, 1.0), (0.02, -1.0, 1.0), (0.75, -1.0, 1.0), (0.0, -1.0, 1.0)],1.755
[(-0.1, -1.0, 10.0), (-0.3, -1.0, 1.0), (0.1, -1.0, 1.0), (0.02, -1.0, 1.0), (0.75, -1.0, 1.0), (0.0, -1.0, 1.0)],2.304
[(-0.1, -1.0, 10.0), (-0.3, -1.0, 1.0), (0.1, -1.0, 1.0), (0.02, -1.0, 1.0), (0.75, -1.0, 1.0), (0.0, -1.0, 1.0)],2.184
[(-0.1, -1.0, 10.0), (-0.3, -1.0, 1.0), (0.1, -1.0, 1.0), (0.02, -1.0, 1.0), (0.75, -1.0, 1.0), (0.0, -1.0, 1.0)],2.451
[(-0.1, -1.0, 10.0), (-0.3, -1.0, 1.0), (0.1, -1.0, 1.0), (0.02, -1.0, 1.0), (0.75, -1.0, 1.0), (0.0, -1.0, 1.0)],2.544
[(-0.1, -1.0, 10.0), (-0.3, -1.0, 1.0), (0.1, -1.0, 1.0), (0.02, -1.0, 1.0), (0.75, -1.0, 1.0), (0.0, -1.0, 1.0)],2.278
[(-0.1, -1.0, 10.0), (-0.3, -1.0, 1.0), (0.1, -1.0, 1.0), (0.02, -1.0, 1.0), (0.75, -1.0, 1.0), (0.0, -1.0, 1.0)],2.008
[(-0.1, -1.0, 10.0), (-0.3, -1.0, 1.0), (0.1, -1.0, 1.0), (0.02, -1.0, 1.0), (0.75, -1.0, 1.0), (0.0, -1.0, 1.0)],2.185
[(-0.1, -1.0, 10.0), (-0.3, -1.0, 1.0), (0.1, -1.0, 1.0), (0.02, -1.0, 1.0), (0.75, -1.0, 1.0), (0.0, -1.0, 1.0)],1.835
[(-0.1, -1.0, 10.0), (-0.3, -1.0, 1.0), (0.1, -1.0, 1.0), (0.02, -1.0, 1.0), (0.75, -1.0, 1.0), (0.0, -1.0, 1.0)],2.498
[(-0.1, -1.0, 10.0), (-0.3, -1.0, 1.0), (0.1, -1.0, 1.0), (0.02, -1.0, 1.0), (0.75, -1.0, 1.0), (0.0, -1.0, 1.0)],1.571
[(-0.1, -1.0, 10.0), (-0.3, -1.0, 1.0), (0.1, -1.0, 1.0), (0.02, -1.0, 1.0), (0.75, -1.0, 1.0), (0.0, -1.0, 1.0)],2.034
[(-0.1, -1.0, 10.0), (-0.3, -1.0, 1.0), (0.1, -1.0, 1.0), (0.02, -1.0, 1.0), (0.75, -1.0, 1.0), (0.0, -1.0, 1.0)],2.119
[(-0.1, -1.0, 10.0), (-0.3, -1.0, 1.0), (0.1, -1.0, 1.0), (0.02, -1.0, 1.0), (0.75, -1.0, 1.0), (0.0, -1.0, 1.0)],3.303
[(-0.1, -1.0, 10.0), (-0.3, -1.0, 1.0), (0.1, -1.0, 1.0), (0.02, -1.0, 1.0), (0.75, -1.0, 1.0), (0.0, -1.0, 1.0)],2.631
[(-0.1, -1.0, 10.0), (-0.3, -1.0, 1.0), (0.1, -1.0, 1.0), (0.02, -1.0, 1.0), (0.75, -1.0, 1.0), (0.0, -1.0, 1.0)],2.799
[(-0.1, -1.0, 10.0), (-0.3, -1.0, 1.0), (0.1, -1.0, 1.0), (0.02, -1.0, 1.0), (0.75, -1.0, 1.0), (0.0, -1.0, 1.0)],2.464
[(-0.1, -1.0, 10.0), (-0.3, -1.0, 1.0), (0.1, -1.0, 1.0), (0.02, -1.0, 1.0), (0.75, -1.0, 1.0), (0.0, -1.0, 1.0)],3.757
[(-0.1, -1.0, 10.0), (-0.3, -1.0, 1.0), (0.1, -1.0, 1.0), (0.02, -1.0, 1.0), (0.75, -1.0, 1.0), (0.0, -1.0, 1.0)],2.848
[(-0.1, -1.0, 10.0), (-0.3, -1.0, 1.0), (0.1, -1.0, 1.0), (0.02, -1.0, 1.0), (0.75, -1.0, 1.0), (0.0, -1.0, 1.0)],3.303
[(-0.1, -1.0, 10.0), (-0.3, -1.0, 1.0), (0.1, -1.0, 1.0), (0.02, -1.0, 1.0), (0.75, -1.0, 1.0), (0.0, -1.0, 1.0)],4.971
[(-0.1, -1.0, 10.0), (-0.3, -1.0, 1.0), (0.1, -1.0, 1.0), (0.02, -1.0, 1.0), (0.75, -1.0, 1.0), (0.0, -1.0, 1.0)],2.869
[(-0.1, -1.0, 10.0), (-0.3, -1.0, 1.0), (0.1, -1.0, 1.0), (0.02, -1.0, 1.0), (0.75, -1.0, 1.0), (0.0, -1.0, 1.0)],0.987
[(-0.1, -1.0, 10.0), (-0.3, -1.0, 1.0), (0.1, -1.0, 1.0), (0.02, -1.0, 1.0), (0.75, -1.0, 1.0), (0.0, -1.0, 1.0)],0.947
[(-0.1, -1.0, 10.0), (-0.3, -1.0, 1.0), (0.1, -1.0, 1.0), (0.02, -1.0, 1.0), (0.75, -1.0, 1.0), (0.0, -1.0, 1.0)],0.918
[(-0.1, -1.0, 10.0), (-0.3, -1.0, 1.0), (0.1, -1.0, 1.0), (0.02, -1.0, 1.0), (0.75, -1.0, 1.0), (0.0, -1.0, 1.0)],1.109
[(-0.1, -1.0, 10.0), (-0.3, -1.0, 1.0), (0.1, -1.0, 1.0), (0.02, -1.0, 1.0), (0.75, -1.0, 1.0), (0.0, -1.0, 1.0)],1.249
[(-0.1, -1.0, 10.0), (-0.3, -1.0, 1.0), (0.1, -1.0, 1.0), (0.02, -1.0, 1.0), (0.75, -1.0, 1.0), (0.0, -1.0, 1.0)],1.113
[(-0.1, -1.0, 10.0), (-0.3, -1.0, 1.0), (0.1, -1.0, 1.0), (0.02, -1.0, 1.0), (0.75, -1.0, 1.0), (0.0, -1.0, 1.0)],1.22
[(-0.1, -1.0, 10.0), (-0.3, -1.0, 1.0), (0.1, -1.0, 1.0), (0.02, -1.0, 1.0), (0.75, -1.0, 1.0), (0.0, -1.0, 1.0)],1.135
[(-0.1, -1.0, 10.0), (-0.3, -1.0, 1.0), (0.1, -1.0, 1.0), (0.02, -1.0, 1.0), (0.75, -1.0, 1.0), (0.0, -1.0, 1.0)],1.123
[(-0.1, -1.0, 10.0), (-0.3, -1.0, 1.0), (0.1, -1.0, 1.0), (0.02, -1.0, 1.0), (0.75, -1.0, 1.0), (0.0, -1.0, 1.0)],0.844
[(-0.1, -1.0, 10.0), (-0.3, -1.0, 1.0), (0.1, -1.0, 1.0), (0.02, -1.0, 1.0), (0.75, -1.0, 1.0), (0.0, -1.0, 1.0)],1.071
[(-0.1, -1.0, 10.0), (-0.3, -1.0, 1.0), (0.1, -1.0, 1.0), (0.02, -1.0, 1.0), (0.75, -1.0, 1.0), (0.0, -1.0, 1.0)],1.105
[(-0.1, -1.0, 10.0), (-0.3, -1.0, 1.0), (0.1, -1.0, 1.0), (0.02, -1.0, 1.0), (0.75, -1.0, 1.0), (0.0, -1.0, 1.0)],0.865
[(-0.1, -1.0, 10.0), (-0.3, -1.0, 1.0), (0.1, -1.0, 1.0), (0.02, -1.0, 1.0), (0.75, -1.0, 1.0), (0.0, -1.0, 1.0)],1.227
[(-0.1, -1.0, 10.0), (-0.3, -1.0, 1.0), (0.1, -1.0, 1.0), (0.02, -1.0, 1.0), (0.75, -1.0, 1.0), (0.0, -1.0, 1.0)],0.966
[(-0.1, -1.0, 10.0), (-0.3, -1.0, 1.0), (0.1, -1.0, 1.0), (0.02, -1.0, 1.0), (0.75, -1.0, 1.0), (0.0, -1.0, 1.0)],0.952
[(-0.1, -1.0, 10.0), (-0.3, -1.0, 1.0), (0.1, -1.0, 1.0), (0.02, -1.0, 1.0), (0.75, -1.0, 1.0), (0.0, -1.0, 1.0)],1.205
[(-0.1, -1.0, 10.0), (-0.3, -1.0, 1.0), (0.1, -1.0, 1.0), (0.02, -1.0, 1.0), (0.75, -1.0, 1.0), (0.0, -1.0, 1.0)],0.651
[(-0.1, -1.0, 10.0), (-0.3, -1.0, 1.0), (0.1, -1.0, 1.0), (0.02, -1.0, 1.0), (0.75, -1.0, 1.0), (0.0, -1.0, 1.0)],1.24
[(-0.1, -1.0, 10.0), (-0.3, -1.0, 1.0), (0.1, -1.0, 1.0), (0.02, -1.0, 1.0), (0.75, -1.0, 1.0), (0.0, -1.0, 1.0)],1.169
[(-0.1, -1.0, 10.0), (-0.3, -1.0, 1.0), (0.1, -1.0, 1.0), (0.02, -1.0, 1.0), (0.75, -1.0, 1.0), (0.0, -1.0, 1.0)],1.341
[(-0.1, -1.0, 10.0), (-0.3, -1.0, 1.0), (0.1, -1.0, 1.0), (0.02, -1.0, 1.0), (0.75, -1.0, 1.0), (0.0, -1.0, 1.0)],1.031
[(-0.1, -1.0, 10.0), (-0.3, -1.0, 1.0), (0.1, -1.0, 1.0), (0.02, -1.0, 1.0), (0.75, -1.0, 1.0), (0.0, -1.0, 1.0)],1.208
[(-0.1, -1.0, 10.0), (-0.3, -1.0, 1.0), (0.1, -1.0, 1.0), (0.02, -1.0, 1.0), (0.75, -1.0, 1.0), (0.0, -1.0, 1.0)],1.201
[(-0.1, -1.0, 10.0), (-0.3, -1.0, 1.0), (0.1, -1.0, 1.0), (0.02, -1.0, 1.0), (0.75, -1.0, 1.0), (0.0, -1.0, 1.0)],0.924
[(-0.1, -1.0, 10.0), (-0.3, -1.0, 1.0), (0.1, -1.0, 1.0), (0.02, -1.0, 1.0), (0.75, -1.0, 1.0), (0.0, -1.0, 1.0)],1.686
[(-0.1, -1.0, 10.0), (-0.3, -1.0, 1.0), (0.1, -1.0, 1.0), (0.02, -1.0, 1.0), (0.75, -1.0, 1.0), (0.0, -1.0, 1.0)],1.172
[(-0.1, -1.0, 10.0), (-0.3, -1.0, 1.0), (0.1, -1.0, 1.0), (0.02, -1.0, 1.0), (0.75, -1.0, 1.0), (0.0, -1.0, 1.0)],0.751
[(-0.1, -1.0, 10.0), (-0.3, -1.0, 1.0), (0.1, -1.0, 1.0), (0.02, -1.0, 1.0), (0.75, -1.0, 1.0), (0.0, -1.0, 1.0)],0.84
[(-0.1, -1.0, 10.0), (-0.3, -1.0, 1.0), (0.1, -1.0, 1.0), (0.02, -1.0, 1.0), (0.75, -1.0, 1.0), (0.0, -1.0, 1.0)],1.041
[(-0.1, -1.0, 10.0), (-0.3, -1.0, 1.0), (0.1, -1.0, 1.0), (0.02, -1.0, 1.0), (0.75, -1.0, 1.0), (0.0, -1.0, 1.0)],1.224
[(-0.1, -1.0, 10.0), (-0.3, -1.0, 1.0), (0.1, -1.0, 1.0), (0.02, -1.0, 1.0), (0.75, -1.0, 1.0), (0.0, -1.0, 1.0)],1.924
[(-0.1, -1.0, 10.0), (-0.3, -1.0, 1.0), (0.1, -1.0, 1.0), (0.02, -1.0, 1.0), (0.75, -1.0, 1.0), (0.0, -1.0, 1.0)],1.314
[(-0.1, -1.0, 10.0), (-0.3, -1.0, 1.0), (0.1, -1.0, 1.0), (0.02, -1.0, 1.0), (0.75, -1.0, 1.0), (0.0, -1.0, 1.0)],1.689
[(-0.1, -1.0, 10.0), (-0.3, -1.0, 1.0), (0.1, -1.0, 1.0), (0.02, -1.0, 1.0), (0.75, -1.0, 1.0), (0.0, -1.0, 1.0)],1.441
[(-0.1, -1.0, 10.0), (-0.3, -1.0, 1.0), (0.1, -1.0, 1.0), (0.02, -1.0, 1.0), (0.75, -1.0, 1.0), (0.0, -1.0, 1.0)],1.24
[(-0.1, -1.0, 10.0), (-0.3, -1.0, 1.0), (0.1, -1.0, 1.0), (0.02, -1.0, 1.0), (0.75, -1.0, 1.0), (0.0, -1.0, 1.0)],1.951
[(-0.1, -1.0, 10.0), (-0.3, -1.0, 1.0), (0.1, -1.0, 1.0), (0.02, -1.0, 1.0), (0.75, -1.0, 1.0), (0.0, -1.0, 1.0)],1.544
[(-0.1, -1.0, 10.0), (-0.3, -1.0, 1.0), (0.1, -1.0, 1.0), (0.02, -1.0, 1.0), (0.75, -1.0, 1.0), (0.0, -1.0, 1.0)],1.558
[(-0.1, -1.0, 10.0), (-0.3, -1.0, 1.0), (0.1, -1.0, 1.0), (0.02, -1.0, 1.0), (0.75, -1.0, 1.0), (0.0, -1.0, 1.0)],1.289
[(-0.1, -1.0, 10.0), (-0.3, -1.0, 1.0), (0.1, -1.0, 1.0), (0.02, -1.0, 1.0), (0.75, -1.0, 1.0), (0.0, -1.0, 1.0)],1.253
[(-0.1, -1.0, 10.0), (-0.3, -1.0, 1.0), (0.1, -1.0, 1.0), (0.02, -1.0, 1.0), (0.75, -1.0, 1.0), (0.0, -1.0, 1.0)],1.349
[(-0.1, -1.0, 10.0), (-0.3, -1.0, 1.0), (0.1, -1.0, 1.0), (0.02, -1.0, 1.0), (0.75, -1.0, 1.0), (0.0, -1.0, 1.0)],2.199
[(-0.1, -1.0, 10.0), (-0.3, -1.0, 1.0), (0.1, -1.0, 1.0), (0.02, -1.0, 1.0), (0.75, -1.0, 1.0), (0.0, -1.0, 1.0)],1.805
[(-0.1, -1.0, 10.0), (-0.3, -1.0, 1.0), (0.1, -1.0, 1.0), (0.02, -1.0, 1.0), (0.75, -1.0, 1.0), (0.0, -1.0, 1.0)],1.765
[(-0.1, -1.0, 10.0), (-0.3, -1.0, 1.0), (0.1, -1.0, 1.0), (0.02, -1.0, 1.0), (0.75, -1.0, 1.0), (0.0, -1.0, 1.0)],1.93
[(-0.1, -1.0, 10.0), (-0.3, -1.0, 1.0), (0.1, -1.0, 1.0), (0.02, -1.0, 1.0), (0.75, -1.0, 1.0), (0.0, -1.0, 1.0)],1.31
[(-0.1, -1.0, 10.0), (-0.3, -1.0, 1.0), (0.1, -1.0, 1.0), (0.02, -1.0, 1.0), (0.75, -1.0, 1.0), (0.0, -1.0, 1.0)],1.952
[(-0.1, -1.0, 10.0), (-0.3, -1.0, 1.0), (0.1, -1.0, 1.0), (0.02, -1.0, 1.0), (0.75, -1.0, 1.0), (0.0, -1.0, 1.0)],2.933
[(-0.1, -1.0, 10.0), (-0.3, -1.0, 1.0), (0.1, -1.0, 1.0), (0.02, -1.0, 1.0), (0.75, -1.0, 1.0), (0.0, -1.0, 1.0)],2.689
[(-0.1, -1.0, 10.0), (-0.3, -1.0, 1.0), (0.1, -1.0, 1.0), (0.02, -1.0, 1.0), (0.75, -1.0, 1.0), (0.0, -1.0, 1.0)],2.753
[(-0.1, -1.0, 10.0), (-0.3, -1.0, 1.0), (0.1, -1.0, 1.0), (0.02, -1.0, 1.0), (0.75, -1.0, 1.0), (0.0, -1.0, 1.0)],3.772
[(-0.1, -1.0, 10.0), (-0.3, -1.0, 1.0), (0.1, -1.0, 1.0), (0.02, -1.0, 1.0), (0.75, -1.0, 1.0), (0.0, -1.0, 1.0)],3.451
[(-0.1, -1.0, 10.0), (-0.3, -1.0, 1.0), (0.1, -1.0, 1.0), (0.02, -1.0, 1.0), (0.75, -1.0, 1.0), (0.0, -1.0, 1.0)],3.305
[(-0.1, -1.0, 10.0), (-0.3, -1.0, 1.0), (0.1, -1.0, 1.0), (0.02, -1.0, 1.0), (0.75, -1.0, 1.0), (0.0, -1.0, 1.0)],4.764
[(-0.1, -1.0, 10.0), (-0.3, -1.0, 1.0), (0.1, -1.0, 1.0), (0.02, -1.0, 1.0), (0.75, -1.0, 1.0), (0.0, -1.0, 1.0)],3.115
[(-0.1, -1.0, 10.0), (-0.3, -1.0, 1.0), (0.1, -1.0, 1.0), (0.02, -1.0, 1.0), (0.75, -1.0, 1.0), (0.0, -1.0, 1.0)],3.568
[(-0.1, -1.0, 10.0), (-0.3, -1.0, 1.0), (0.1, -1.0, 1.0), (0.02, -1.0, 1.0), (0.75, -1.0, 1.0), (0.0, -1.0, 1.0)],4.016
[(-0.1, -1.0, 10.0), (-0.3, -1.0, 1.0), (0.1, -1.0, 1.0), (0.02, -1.0, 1.0), (0.75, -1.0, 1.0), (0.0, -1.0, 1.0)],3.828
[(-0.1, -1.0, 10.0), (-0.3, -1.0, 1.0), (0.1, -1.0, 1.0), (0.02, -1.0, 1.0), (0.75, -1.0, 1.0), (0.0, -1.0, 1.0)],5.041
[(-0.1, -1.0, 10.0), (-0.3, -1.0, 1.0), (0.1, -1.0, 1.0), (0.02, -1.0, 1.0), (0.75, -1.0, 1.0), (0.0, -1.0, 1.0)],2.025
[(-0.1, -1.0, 10.0), (-0.3, -1.0, 1.0), (0.1, -1.0, 1.0), (0.02, -1.0, 1.0), (0.75, -1.0, 1.0), (0.0, -1.0, 1.0)],5.465
[(-0.1, -1.0, 10.0), (-0.3, -1.0, 1.0), (0.1, -1.0, 1.0), (0.02, -1.0, 1.0), (0.75, -1.0, 1.0), (0.0, -1.0, 1.0)],5.664
[(-0.1, -1.0, 10.0), (-0.3, -1.0, 1.0), (0.1, -1.0, 1.0), (0.02, -1.0, 1.0), (0.75, -1.0, 1.0), (0.0, -1.0, 1.0)],4.49
[(-0.1, -1.0, 10.0), (-0.3, -1.0, 1.0), (0.1, -1.0, 1.0), (0.02, -1.0, 1.0), (0.75, -1.0, 1.0), (0.0, -1.0, 1.0)],4.66
[(-0.1, -1.0, 10.0), (-0.3, -1.0, 1.0), (0.1, -1.0, 1.0), (0.02, -1.0, 1.0), (0.75, -1.0, 1.0), (0.0, -1.0, 1.0)],1.937
[(-0.1, -1.0, 10.0), (-0.3, -1.0, 1.0), (0.1, -1.0, 1.0), (0.02, -1.0, 1.0), (0.75, -1.0, 1.0), (0.0, -1.0, 1.0)],6.56
[(-0.1, -1.0, 10.0), (-0.3, -1.0, 1.0), (0.1, -1.0, 1.0), (0.02, -1.0, 1.0), (0.75, -1.0, 1.0), (0.0, -1.0, 1.0)],8.123
[(-0.1, -1.0, 10.0), (-0.3, -1.0, 1.0), (0.1, -1.0, 1.0), (0.02, -1.0, 1.0), (0.75, -1.0, 1.0), (0.0, -1.0, 1.0)],6.001
[(-0.1, -1.0, 10.0), (-0.3, -1.0, 1.0), (0.1, -1.0, 1.0), (0.02, -1.0, 1.0), (0.75, -1.0, 1.0), (0.0, -1.0, 1.0)],6.808
[(-0.1, -1.0, 10.0), (-0.3, -1.0, 1.0), (0.1, -1.0, 1.0), (0.02, -1.0, 1.0), (0.75, -1.0, 1.0), (0.0, -1.0, 1.0)],0.947
[(-0.1, -1.0, 10.0), (-0.3, -1.0, 1.0), (0.1, -1.0, 1.0), (0.02, -1.0, 1.0), (0.75, -1.0, 1.0), (0.0, -1.0, 1.0)],0.918
[(-0.1, -1.0, 10.0), (-0.3, -1.0, 1.0), (0.1, -1.0, 1.0), (0.02, -1.0, 1.0), (0.75, -1.0, 1.0), (0.0, -1.0, 1.0)],1.109
[(-0.1, -1.0, 10.0), (-0.3, -1.0, 1.0), (0.1, -1.0, 1.0), (0.02, -1.0, 1.0), (0.75, -1.0, 1.0), (0.0, -1.0, 1.0)],1.249
[(-0.1, -1.0, 10.0), (-0.3, -1.0, 1.0), (0.1, -1.0, 1.0), (0.02, -1.0, 1.0), (0.75, -1.0, 1.0), (0.0, -1.0, 1.0)],1.113
[(-0.1, -1.0, 10.0), (-0.3, -1.0, 1.0), (0.1, -1.0, 1.0), (0.02, -1.0, 1.0), (0.75, -1.0, 1.0), (0.0, -1.0, 1.0)],1.22
[(-0.1, -1.0, 10.0), (-0.3, -1.0, 1.0), (0.1, -1.0, 1.0), (0.02, -1.0, 1.0), (0.75, -1.0, 1.0), (0.0, -1.0, 1.0)],1.135
[(-0.1, -1.0, 10.0), (-0.3, -1.0, 1.0), (0.1, -1.0, 1.0), (0.02, -1.0, 1.0), (0.75, -1.0, 1.0), (0.0, -1.0, 1.0)],1.123
[(-0.1, -1.0, 10.0), (-0.3, -1.0, 1.0), (0.1, -1.0, 1.0), (0.02, -1.0, 1.0), (0.75, -1.0, 1.0), (0.0, -1.0, 1.0)],0.844
[(-0.1, -1.0, 10.0), (-0.3, -1.0, 1.0), (0.1, -1.0, 1.0), (0.02, -1.0, 1.0), (0.75, -1.0, 1.0), (0.0, -1.0, 1.0)],1.071
[(-0.1, -1.0, 10.0), (-0.3, -1.0, 1.0), (0.1, -1.0, 1.0), (0.02, -1.0, 1.0), (0.75, -1.0, 1.0), (0.0, -1.0, 1.0)],1.105
[(-0.1, -1.0, 10.0), (-0.3, -1.0, 1.0), (0.1, -1.0, 1.0), (0.02, -1.0, 1.0), (0.75, -1.0, 1.0), (0.0, -1.0, 1.0)],0.865
[(-0.1, -1.0, 10.0), (-0.3, -1.0, 1.0), (0.1, -1.0, 1.0), (0.02, -1.0, 1.0), (0.75, -1.0, 1.0), (0.0, -1.0, 1.0)],1.227
[(-0.1, -1.0, 10.0), (-0.3, -1.0, 1.0), (0.1, -1.0, 1.0), (0.02, -1.0, 1.0), (0.75, -1.0, 1.0), (0.0, -1.0, 1.0)],0.966
[(-0.1, -1.0, 10.0), (-0.3, -1.0, 1.0), (0.1, -1.0, 1.0), (0.02, -1.0, 1.0), (0.75, -1.0, 1.0), (0.0, -1.0, 1.0)],0.952
[(-0.1, -1.0, 10.0), (-0.3, -1.0, 1.0), (0.1, -1.0, 1.0), (0.02, -1.0, 1.0), (0.75, -1.0, 1.0), (0.0, -1.0, 1.0)],1.205
[(-0.1, -1.0, 10.0), (-0.3, -1.0, 1.0), (0.1, -1.0, 1.0), (0.02, -1.0, 1.0), (0.75, -1.0, 1.0), (0.0, -1.0, 1.0)],0.651
[(-0.1, -1.0, 10.0), (-0.3, -1.0, 1.0), (0.1, -1.0, 1.0), (0.02, -1.0, 1.0), (0.75, -1.0, 1.0), (0.0, -1.0, 1.0)],1.24
[(-0.1, -1.0, 10.0), (-0.3, -1.0, 1.0), (0.1, -1.0, 1.0), (0.02, -1.0, 1.0), (0.75, -1.0, 1.0), (0.0, -1.0, 1.0)],1.169
[(-0.1, -1.0, 10.0), (-0.3, -1.0, 1.0), (0.1, -1.0, 1.0), (0.02, -1.0, 1.0), (0.75, -1.0, 1.0), (0.0, -1.0, 1.0)],1.341
[(-0.1, -1.0, 10.0), (-0.3, -1.0, 1.0), (0.1, -1.0, 1.0), (0.02, -1.0, 1.0), (0.75, -1.0, 1.0), (0.0, -1.0, 1.0)],1.031
[(-0.1, -1.0, 10.0), (-0.3, -1.0, 1.0), (0.1, -1.0, 1.0), (0.02, -1.0, 1.0), (0.75, -1.0, 1.0), (0.0, -1.0, 1.0)],1.208
[(-0.1, -1.0, 10.0), (-0.3, -1.0, 1.0), (0.1, -1.0, 1.0), (0.02, -1.0, 1.0), (0.75, -1.0, 1.0), (0.0, -1.0, 1.0)],1.201
[(-0.1, -1.0, 10.0), (-0.3, -1.0, 1.0), (0.1, -1.0, 1.0), (0.02, -1.0, 1.0), (0.75, -1.0, 1.0), (0.0, -1.0, 1.0)],0.924
[(-0.1, -1.0, 10.0), (-0.3, -1.0, 1.0), (0.1, -1.0, 1.0), (0.02, -1.0, 1.0), (0.75, -1.0, 1.0), (0.0, -1.0, 1.0)],1.686
[(-0.1, -1.0, 10.0), (-0.3, -1.0, 1.0), (0.1, -1.0, 1.0), (0.02, -1.0, 1.0), (0.75, -1.0, 1.0), (0.0, -1.0, 1.0)],1.172
[(-0.1, -1.0, 10.0), (-0.3, -1.0, 1.0), (0.1, -1.0, 1.0), (0.02, -1.0, 1.0), (0.75, -1.0, 1.0), (0.0, -1.0, 1.0)],0.751
[(-0.1, -1.0, 10.0), (-0.3, -1.0, 1.0), (0.1, -1.0, 1.0), (0.02, -1.0, 1.0), (0.75, -1.0, 1.0), (0.0, -1.0, 1.0)],0.84
[(-0.1, -1.0, 10.0), (-0.3, -1.0, 1.0), (0.1, -1.0, 1.0), (0.02, -1.0, 1.0), (0.75, -1.0, 1.0), (0.0, -1.0, 1.0)],1.041
[(-0.1, -1.0, 10.0), (-0.3, -1.0, 1.0), (0.1, -1.0, 1.0), (0.02, -1.0, 1.0), (0.75, -1.0, 1.0), (0.0, -1.0, 1.0)],1.224
[(-0.1, -1.0, 10.0), (-0.3, -1.0, 1.0), (0.1, -1.0, 1.0), (0.02, -1.0, 1.0), (0.75, -1.0, 1.0), (0.0, -1.0, 1.0)],1.924
[(-0.1, -1.0, 10.0), (-0.3, -1.0, 1.0), (0.1, -1.0, 1.0), (0.02, -1.0, 1.0), (0.75, -1.0, 1.0), (0.0, -1.0, 1.0)],1.314
[(-0.1, -1.0, 10.0), (-0.3, -1.0, 1.0), (0.1, -1.0, 1.0), (0.02, -1.0, 1.0), (0.75, -1.0, 1.0), (0.0, -1.0, 1.0)],1.689
[(-0.1, -1.0, 10.0), (-0.3, -1.0, 1.0), (0.1, -1.0, 1.0), (0.02, -1.0, 1.0), (0.75, -1.0, 1.0), (0.0, -1.0, 1.0)],1.441
[(-0.1, -1.0, 10.0), (-0.3, -1.0, 1.0), (0.1, -1.0, 1.0), (0.02, -1.0, 1.0), (0.75, -1.0, 1.0), (0.0, -1.0, 1.0)],1.24
[(-0.1, -1.0, 10.0), (-0.3, -1.0, 1.0), (0.1, -1.0, 1.0), (0.02, -1.0, 1.0), (0.75, -1.0, 1.0), (0.0, -1.0, 1.0)],1.951
[(-0.1, -1.0, 10.0), (-0.3, -1.0, 1.0), (0.1, -1.0, 1.0), (0.02, -1.0, 1.0), (0.75, -1.0, 1.0), (0.0, -1.0, 1.0)],1.544
[(-0.1, -1.0, 10.0), (-0.3, -1.0, 1.0), (0.1, -1.0, 1.0), (0.02, -1.0, 1.0), (0.75, -1.0, 1.0), (0.0, -1.0, 1.0)],1.558
[(-0.1, -1.0, 10.0), (-0.3, -1.0, 1.0), (0.1, -1.0, 1.0), (0.02, -1.0, 1.0), (0.75, -1.0, 1.0), (0.0, -1.0, 1.0)],1.289
[(-0.1, -1.0, 10.0), (-0.3, -1.0, 1.0), (0.1, -1.0, 1.0), (0.02, -1.0, 1.0), (0.75, -1.0, 1.0), (0.0, -1.0, 1.0)],1.253
[(-0.1, -1.0, 10.0), (-0.3, -1.0, 1.0), (0.1, -1.0, 1.0), (0.02, -1.0, 1.0), (0.75, -1.0, 1.0), (0.0, -1.0, 1.0)],1.349
[(-0.1, -1.0, 10.0), (-0.3, -1.0, 1.0), (0.1, -1.0, 1.0), (0.02, -1.0, 1.0), (0.75, -1.0, 1.0), (0.0, -1.0, 1.0)],2.199
[(-0.1, -1.0, 10.0), (-0.3, -1.0, 1.0), (0.1, -1.0, 1.0), (0.02, -1.0, 1.0), (0.75, -1.0, 1.0), (0.0, -1.0, 1.0)],1.805
[(-0.1, -1.0, 10.0), (-0.3, -1.0, 1.0), (0.1, -1.0, 1.0), (0.02, -1.0, 1.0), (0.75, -1.0, 1.0), (0.0, -1.0, 1.0)],1.765
[(-0.1, -1.0, 10.0), (-0.3, -1.0, 1.0), (0.1, -1.0, 1.0), (0.02, -1.0, 1.0), (0.75, -1.0, 1.0), (0.0, -1.0, 1.0)],1.93
[(-0.1, -1.0, 10.0), (-0.3, -1.0, 1.0), (0.1, -1.0, 1.0), (0.02, -1.0, 1.0), (0.75, -1.0, 1.0), (0.0, -1.0, 1.0)],1.31
[(-0.1, -1.0, 10.0), (-0.3, -1.0, 1.0), (0.1, -1.0, 1.0), (0.02, -1.0, 1.0), (0.75, -1.0, 1.0), (0.0, -1.0, 1.0)],1.952
[(-0.1, -1.0, 10.0), (-0.3, -1.0, 1.0), (0.1, -1.0, 1.0), (0.02, -1.0, 1.0), (0.75, -1.0, 1.0), (0.0, -1.0, 1.0)],2.933
[(-0.1, -1.0, 10.0), (-0.3, -1.0, 1.0), (0.1, -1.0, 1.0), (0.02, -1.0, 1.0), (0.75, -1.0, 1.0), (0.0, -1.0, 1.0)],2.689
[(-0.1, -1.0, 10.0), (-0.3, -1.0, 1.0), (0.1, -1.0, 1.0), (0.02, -1.0, 1.0), (0.75, -1.0, 1.0), (0.0, -1.0, 1.0)],2.753
[(-0.1, -1.0, 10.0), (-0.3, -1.0, 1.0), (0.1, -1.0, 1.0), (0.02, -1.0, 1.0), (0.75, -1.0, 1.0), (0.0, -1.0, 1.0)],3.772
[(-0.1, -1.0, 10.0), (-0.3, -1.0, 1.0), (0.1, -1.0, 1.0), (0.02, -1.0, 1.0), (0.75, -1.0, 1.0), (0.0, -1.0, 1.0)],3.451
[(-0.1, -1.0, 10.0), (-0.3, -1.0, 1.0), (0.1, -1.0, 1.0), (0.02, -1.0, 1.0), (0.75, -1.0, 1.0), (0.0, -1.0, 1.0)],3.305
[(-0.1, -1.0, 10.0), (-0.3, -1.0, 1.0), (0.1, -1.0, 1.0), (0.02, -1.0, 1.0), (0.75, -1.0, 1.0), (0.0, -1.0, 1.0)],4.764
[(-0.1, -1.0, 10.0), (-0.3, -1.0, 1.0), (0.1, -1.0, 1.0), (0.02, -1.0, 1.0), (0.75, -1.0, 1.0), (0.0, -1.0, 1.0)],3.115
[(-0.1, -1.0, 10.0), (-0.3, -1.0, 1.0), (0.1, -1.0, 1.0), (0.02, -1.0, 1.0), (0.75, -1.0, 1.0), (0.0, -1.0, 1.0)],3.568
[(-0.1, -1.0, 10.0), (-0.3, -1.0, 1.0), (0.1, -1.0, 1.0), (0.02, -1.0, 1.0), (0.75, -1.0, 1.0), (0.0, -1.0, 1.0)],4.016
[(-0.1, -1.0, 10.0), (-0.3, -1.0, 1.0), (0.1, -1.0, 1.0), (0.02, -1.0, 1.0), (0.75, -1.0, 1.0), (0.0, -1.0, 1.0)],3.828
[(-0.1, -1.0, 10.0), (-0.3, -1.0, 1.0), (0.1, -1.0, 1.0), (0.02, -1.0, 1.0), (0.75, -1.0, 1.0), (0.0, -1.0, 1.0)],5.041
[(-0.1, -1.0, 10.0), (-0.3, -1.0, 1.0), (0.1, -1.0, 1.0), (0.02, -1.0, 1.0), (0.75, -1.0, 1.0), (0.0, -1.0, 1.0)],2.025
[(-0.1, -1.0, 10.0), (-0.3, -1.0, 1.0), (0.1, -1.0, 1.0), (0.02, -1.0, 1.0), (0.75, -1.0, 1.0), (0.0, -1.0, 1.0)],5.465
[(-0.1, -1.0, 10.0), (-0.3, -1.0, 1.0), (0.1, -1.0, 1.0), (0.02, -1.0, 1.0), (0.75, -1.0, 1.0), (0.0, -1.0, 1.0)],5.664
[(-0.1, -1.0, 10.0), (-0.3, -1.0, 1.0), (0.1, -1.0, 1.0), (0.02, -1.0, 1.0), (0.75, -1.0, 1.0), (0.0, -1.0, 1.0)],4.49
[(-0.1, -1.0, 10.0), (-0.3, -1.0, 1.0), (0.1, -1.0, 1.0), (0.02, -1.0, 1.0), (0.75, -1.0, 1.0), (0.0, -1.0, 1.0)],4.66
[(-0.1, -1.0, 10.0), (-0.3, -1.0, 1.0), (0.1, -1.0, 1.0), (0.02, -1.0, 1.0), (0.75, -1.0, 1.0), (0.0, -1.0, 1.0)],1.937
[(-0.1, -1.0, 10.0), (-0.3, -1.0, 1.0), (0.1, -1.0, 1.0), (0.02, -1.0, 1.0), (0.75, -1.0, 1.0), (0.0, -1.0, 1.0)],6.56
[(-0.1, -1.0, 10.0), (-0.3, -1.0, 1.0), (0.1, -1.0, 1.0), (0.02, -1.0, 1.0), (0.75, -1.0, 1.0), (0.0, -1.0, 1.0)],8.123
[(-0.1, -1.0, 10.0), (-0.3, -1.0, 1.0), (0.1, -1.0, 1.0), (0.02, -1.0, 1.0), (0.75, -1.0, 1.0), (0.0, -1.0, 1.0)],6.001
[(-0.1, -1.0, 10.0), (-0.3, -1.0, 1.0), (0.1, -1.0, 1.0), (0.02, -1.0, 1.0), (0.75, -1.0, 1.0), (0.0, -1.0, 1.0)],6.808
