[(-0.5685446317862274, -0.9795533321470743, 1.2907631309961796), (-0.2665953046857562, -1.2491294386927008, 0.7637576116052937), (0.5162033365311044, -0.5780494881221211, 0.9466348081756557), (0.3612783730592113, -0.7207435487026694, 1.0689789996010437), (0.6146802634060566, -0.7062874949553852, 0.9643264573342745), (-0.12005377248860334, -0.9184232904973705, 0.885695772715046)],547.181
[(-0.39986769651481124, -0.958349314490786, 1.0842309685656009), (-0.05588490127840226, -0.9837391416018777, 0.5833913981681775), (-0.34626400267639, -0.7874680632847487, 0.8990298894123722), (0.2598027642948207, -1.711107494136468, 1.0645577631070606), (-0.2400250804143026, -0.531183028263194, 1.2652278136533026), (-0.060761514981229704, -0.8293416568485267, 1.1820446795899)],1.931
[(-0.5461727849411699, -1.4366010595866516, 1.0174351360132385), (-0.3467376835892509, -1.0358330127292723, 1.4269477136351931), (0.8774113539353982, -0.6515801753694674, 0.9985331548832891), (-0.2669904704468564, -0.6815170641189898, 1.4235342137974552), (0.14471978419282056, -1.2546707172164784, 0.8361809000865148), (-0.3117636887066708, -1.1254078095976614, 0.6625262432258134)],1.931
[(0.2719423958861965, -1.0839700053564278, 1.0943745485096459), (-0.06919191764547172, -0.8860374905539772, 0.9374908255167841), (0.12591608144400315, -0.7666613986598606, 0.42804235870052665), (0.5248906515698823, -0.6557476100474348, 1.3382457022586633), (-0.02724074154369212, -1.345912994071354, 1.4137767095296514), (0.1630327281732175, -0.8779828774860974, 0.7410289088160738)],1.931
[(-0.7345879746268433, -0.6909218246255617, 1.3358431604621268), (-0.24690661882320272, -1.34781457080792, 0.4465797633821288), (0.7128201887137979, -1.7517773218755057, 1.1181311546106605), (-0.1753507896229155, -0.7688898444617316, 1.764791451579622), (0.26667193475851914, -1.5959507381279445, 1.0190110640868408), (-0.4083239786262355, -0.5374409933751616, 1.0622613895963116)],262.603
[(-0.16339363117162015, -1.2909314048695342, 1.3565849357538562), (-0.4186617503240078, -1.2124146696414924, 0.5601745524540565), (0.5300520022541114, -1.0257510089069852, 1.1018362386711094), (0.26736245181334306, -1.2080697257490627, 0.4260656221821758), (-0.045268378142642424, -1.1747883311790366, 1.038596453201277), (-0.28730533621688686, -0.6569925169955042, 0.5707761258627787)],1.931
[(0.24702671336306947, -0.9162179067698126, 0.9608210311422261), (-0.09109797605423856, -0.6776011396231233, 0.49533447334132963), (-0.343336665786528, -1.0624680759744718, 0.9127002473515519), (0.07208974167020032, -1.8379722256098185, 1.2354784192687118), (-0.5078863543909669, -1.1871474003918427, 0.8253349005865565), (-0.3985529071106113, -0.6639959370150741, 0.9246393182645676)],1.931
[(-0.23191238053060204, -1.2920950304590217, 0.5673629259978068), (0.08896486201458631, -1.1217780055940283, 1.3842862816530261), (0.7470467133783106, -1.074074181978614, 0.9185927141867071), (-0.28247148474705497, -1.253888203345905, 0.6374488126331288), (0.035527256343392474, -1.040766913770939, 1.0499679461016755), (-0.5765056246010376, -1.3204524510684856, 1.0085667822443645)],1.932
[(-0.5489574435388402, -0.48413988527442897, 1.268079800716707), (-0.37545785098160145, -0.9008356450094028, 1.2499891686021083), (0.20888889043897718, -1.0478714936086921, 0.8741397702924846), (-0.33903291124406676, -1.0499265336749832, 1.2304948334010146), (-0.12277198122003324, -0.9778103971316982, 1.06237209726215), (-0.21736547172681578, -0.6901463432945034, 0.9492985143089163)],38.162
[(-0.5609286881182346, -1.0567968574995898, 1.2362600316354713), (-0.36907760769093695, -1.4545661489026591, 0.6557163967343432), (-0.03592016241227669, -0.6886271218912259, 0.8632184789395789), (0.10540707648291543, -0.9952430953399227, 0.8220091304289943), (0.7522633710845894, -0.6908265286305688, 1.1454485136827965), (-0.3904265052178247, -0.7980268509639286, 1.1370620321201421)],958.743
[(-0.747523188213882, -1.1222094074202962, 0.5884277080941718), (0.5711782956178, -0.49621996547004377, 1.4798658775044644), (0.625667992303622, -1.409591506882189, 1.3000098157451108), (-0.41952071219463655, -0.6246259686290541, 1.2582828075651666), (-0.2872868241293501, -0.9723934104118147, 1.3022277205793624), (-0.5223430310469682, -0.8073635099156908, 1.0613587337049009)],1854.542
[(-0.5390911177659061, -1.1810705878335166, 0.5300958542370175), (0.08303432666511829, -0.798197285395778, 0.6403093470503345), (0.34289537195897946, -0.8732539349692117, 1.367238835421786), (-0.4940835617013314, -0.8370667374606587, 0.9470510979669138), (0.0038023593677435213, -1.0948054660892645, 1.256402214611343), (0.4174992873764442, -0.8794774288324979, 1.525112132386468)],1.931
[(0.013105069573448258, -0.8650532467948937, 0.841800714181068), (0.09360751967695602, -0.900266682945529, 1.3300605982977698), (-0.5100658338447572, -0.8967801305608665, 1.187544988416062), (0.31917790224587017, -0.7924226479993316, 1.0152392664867027), (-0.4451760299022859, -1.0196313336702274, 1.2577220082286373), (-0.05675475122691797, -0.4198339395694811, 1.0728699077519306)],2206.661
[(-0.25719162625897374, -0.6831153503823661, 0.846246081946423), (-0.5828718434764355, -1.1451036436297304, 1.504036711880993), (0.5027448385258922, -1.0175533778146737, 1.2842359729575221), (-0.41600453432896534, -0.569204857476201, 1.2080366359411614), (-0.3375062838286649, -0.7913437327532006, 1.3008206555328092), (0.12747211274030362, -0.7387485326775032, 0.5583887895885864)],2.0
[(-0.7477117687777948, -1.1585678510062365, 0.9990884302797097), (-0.43536021008974246, -0.7082138581515298, 0.9346519865509955), (-0.26121353108196477, -0.5831858226305747, 0.3343888875859451), (0.07836687997632107, -0.4485675936072412, 0.558285785538799), (-0.13588366493781845, -1.3506779887550913, 1.0696830752783415), (0.2670724516352133, -1.1980836567542175, 1.4301729017777185)],280.308
[(-0.7546976242094434, -1.11690016662736, 0.4836208611004664), (0.14428456740496465, -0.7747552655181082, 0.6884779652458664), (0.4531066352702229, -0.6316045286592196, 1.1448150222372522), (-0.27488392315633625, -1.2575599306742267, 0.7044691345930517), (-0.45344457862458176, -1.3493347302579084, 1.0396399618965722), (-0.011504392617384517, -0.9394106502008638, 0.9653033168611367)],828.532
[(-0.8187054217300016, -0.4164358186545899, 1.3094493032949421), (0.10817792117459923, -1.0950923739978675, 0.6928241737102732), (0.07452322977812054, -1.3303421072608619, 0.7487437625130631), (-0.2727108204157765, -1.0258013220906637, 0.6374451911335475), (0.23461066277803255, -1.083146056495834, 1.0774086557235758), (-0.06739319064580988, -0.7640629435707623, 0.7728564483095264)],69.271
[(-0.753288020711402, -0.6244769842154022, 1.1569824343380022), (0.12237433106420925, -1.3453285233811707, 0.8087930960243714), (0.3706832459878392, -0.5932836642445023, 0.3563279805059145), (0.014189555453539806, -1.1635284488548736, 1.2267412297596951), (0.36283772249926505, -0.3783518925719387, 0.6960713024192562), (-0.18374879321189808, -0.9154199483069798, 1.2533078049776911)],5.532
[(-0.6808838900041586, -1.1367379412164638, 0.4878482735396572), (-0.6232433315846335, -0.44933944041014096, 1.0448290117400867), (0.5028599034211435, -0.6744665226599587, 0.5082979194631823), (-0.2874625178822738, -1.360864231603917, 0.48566781111848645), (0.35435723869888175, -1.4414817155649966, 0.3662609291633626), (-0.871139209139423, -1.3456758408734493, 1.4270340019832402)],1.931
[(-0.4872542940428659, -0.7083678175976764, 1.2248134406823457), (-0.46589599788657005, -1.3070386414310327, 0.7517968332163829), (0.4295671644410637, -0.7263177768120392, 0.8811410385701631), (0.10796513455539486, -0.950412748999335, 1.328429937717966), (-0.05783919149189842, -1.3801684628529622, 1.0951403545958713), (0.13563451667831716, -1.836309857986273, 1.3485742677507)],1.931
[(-0.4093788592911897, -0.13945008811476134, 0.8273738635671319), (-0.7941730181140383, -0.7290544653907025, 1.2604824951628892), (-0.2882285767035656, -1.3969863664351685, 0.9973338275827552), (-0.43615413467116326, -0.8465476923468187, 1.036125497412257), (-0.22476607543549043, -0.8863717530721926, 0.734970142138365), (0.48010258424203756, -1.009033394560394, 1.292138025513)],1297.832
[(-0.6550513461799826, -0.9556537893787437, 0.9330421565153042), (-0.6869799167961157, -1.2502106906396997, 1.2886188495959827), (0.47918970389313353, -0.9119123110594617, 0.9026171581381414), (0.2878250402607886, -0.7953803420415945, 0.963234779684313), (-0.27732417610044124, -1.2300485942370305, 0.8325867845691285), (-0.007222098623770365, -1.1835744657599148, 0.6636752625223113)],1.931
[(-0.13955038214239912, -1.5469136854899752, 1.1877306612008773), (-0.06184057824098618, -0.6708204926714285, 0.9472238757826392), (-0.005635343721551306, -1.1334862683251417, 1.2683845526141315), (0.54526032496609, -0.44590944682581646, 0.9897314545479245), (0.5489105017075362, -1.3470795402867286, 0.5355769822809725), (0.34933331314608196, -1.0365427358794836, 0.7890573735954898)],1332.25
[(0.0574031561193078, -1.5530670705321337, 0.9980666885823031), (-0.6388094237381626, -1.2265147736672892, 0.49374453228348414), (-0.19322944018802315, -0.4603865138066965, 0.911167263121531), (-0.2303948567799341, -1.380239450212239, 1.3911931145423773), (-0.08196212770223563, -1.2431801899612454, 0.8231612499258009), (0.11832820637181239, -0.6878628637070469, 1.1718809456220813)],1.931
[(0.01965569005010448, -0.6756755172677242, 0.992307069352296), (-0.23249464185352284, -0.35935900368599094, 1.1622287946305982), (0.11469477803937381, -0.7341402360576796, 0.9469527702204048), (-0.574425748688563, -0.5559705125704271, 1.3716167767810812), (0.03043416777196943, -1.0835572361015784, 0.4017423529316547), (-0.5385551785192487, -1.0977440351858472, 0.5137988836890375)],2.154
[(0.21050248288311968, -0.9342531063868094, 1.2754093653065295), (-0.15012445856735965, -0.9519199703600713, 1.0278832745546198), (-0.04944515994604648, -1.2296841329473331, 0.892133818091125), (-0.06734226671582431, -1.6156751511791287, 0.7426522754599783), (0.04531308811219012, -1.3281171435987809, 1.4289939689966131), (0.41895231414538164, -1.025378178278039, 1.4035115834388454)],1.931
[(-0.6288550050107112, -0.7294934295841584, 0.46392554448619405), (-0.7827522442469026, -0.29666906963741513, 0.3294650113699873), (0.807411367710878, -1.200412889694532, 1.1569696958168192), (-0.319225189070341, -0.6239137838774536, 0.9303797685248768), (-0.4731234395657276, -1.428532528128443, 1.031005046741532), (-0.5601806594079266, -1.2798280727718825, 1.3236095677600885)],658.771
[(-0.3208713368459277, -1.030183519274673, 0.47698423910375454), (0.6247820815354284, -1.022259848164936, 1.501791663345784), (0.18784896642197169, -0.7752175050628956, 0.9776953734309295), (-0.17037246000184325, -1.193313530386406, 1.3505175982838873), (0.1292920504648689, -0.8004591199497165, 0.7667056517813735), (0.5444346647708789, -0.9156541052664914, 0.9109078738408926)],1.931
[(-0.3469327476512034, -0.9851864706583449, 1.6609545980359557), (-0.3144326951376531, -0.8004808436393304, 1.1870284313215416), (0.4150591178245844, -0.797950031716741, 0.9704078601543713), (0.7624635703494859, -0.9377027421889997, 0.7731844752970496), (0.07759139217905334, -1.5055363806177804, 1.135688006009693), (-0.3005609061935195, -1.0315299127095923, 1.4940881453348474)],764.166
[(-0.4768161415413949, -0.5763104022652512, 0.8514469112176308), (0.32484656280789, -0.7454311978298193, 0.9952459169703319), (-0.2892881514453912, -1.142561058933464, 1.3115579076408515), (0.6452330416639684, -0.9074854061590342, 1.5132652565481135), (0.0990092760680996, -0.6679689297016174, 0.8205088941731238), (-0.019209941731583108, -0.9502490948207795, 1.4377077205976916)],12.565
[(-0.791821121120025, -0.8735575065335268, 0.8855023404301126), (0.008087300563244804, -1.0788826668291611, 1.4334352731832058), (0.18956328679244658, -0.7854469091389885, 0.6182895024631547), (0.738641123803093, -0.7172735455977128, 0.8092323159656886), (-0.24934780396944717, -1.1274240845804604, 0.9616457030702082), (-0.04956338673483244, -0.8739589044643622, 0.45481867840469015)],585.042
[(-0.5782178211710305, -1.0949929407958179, 1.251354217538637), (0.717149680542503, -0.8373153358114795, 1.1482102298906716), (0.32241707435728145, -1.0676406327906762, 0.921007243666176), (0.16962737627671168, -0.9494931032492924, 0.5139358136721439), (-0.08748795887662827, -0.5748007825663898, 0.7144090203592387), (0.22019208300153414, -1.0299359323897461, 0.9922433745989688)],1845.47
[(-0.8002673989325804, -1.1904582636976049, 1.0558445376807875), (0.2853127522034002, -1.1732775650274219, 0.8624885878058985), (0.4528545082655352, -1.5379919653260674, 1.172227585848781), (0.42694912885574243, -0.7489654467252196, 1.079731423442685), (0.30306908657809106, -1.092589771631536, 0.9966391493739494), (0.3036376584339199, -1.3483650655324455, 0.7009478060887882)],717.52
[(-0.7847559654214389, 0.09993596124670634, 1.2504081156402442), (-0.3331412736750441, -1.0964969800038449, 1.163762971685927), (-0.14760184151413544, -0.9261097684689368, 0.8551340832991586), (0.5142619559377066, -0.32059844031686835, 1.0304278205217838), (0.3286802798689285, -0.8431879276934123, 0.834485849567982), (-0.14973170346092357, -0.7611544940336683, 1.0379871160763392)],875.286
[(-0.2263782404300787, -1.1082263751745984, 1.1871817525098263), (0.07893350783540337, -1.3468570316082178, 0.9877671762530917), (0.1537545399627947, -1.1847184414933107, 0.5616455727991793), (-0.1814306157481307, -0.7196798626539846, 0.7621609662901941), (0.10812552120235745, -1.1005282262088367, 1.2789106924091782), (-0.07271771459454789, -1.0196710914288138, 1.5151866093245814)],1.931
[(-0.8631201354593755, -0.908886779930837, 0.8898966884118147), (-0.6873765412419155, -0.9091012719000651, 0.6257254334580997), (0.41663087615400407, -1.4130444708370404, 0.30643585941339024), (-0.13922911568697255, -1.0761339654014603, 0.7632739497098319), (0.2202697861814003, -1.0226110913558926, 0.6614755470015076), (0.22330401526453053, -0.9114384457058495, 1.1461644703028395)],177.418
[(0.3751569921480593, -1.2453224117290826, 1.044506281858709), (-0.29660916035936435, -0.7518988487598168, 0.9333479700189807), (0.20300058956291434, -0.9221378195090681, 0.8600437601960738), (0.31701443158571846, -1.01256906340446, 1.4971487834251676), (-0.228574946512683, -0.7506689517731672, 1.0696769680736637), (0.5460490965391582, -1.2239161458522503, 1.3484811949490432)],1.931
[(-0.6999056508301902, -1.365608323744267, 0.850332347394429), (-0.5763529176236178, -1.3019205123045232, 0.866046197270041), (0.22221420582586454, -1.1341884245448615, 0.574514658758467), (0.29857951905550306, -0.9111652887993519, 0.8421221787685793), (0.07400831862416575, -1.502220158726776, 0.5891212124186862), (-0.19182728116948733, -0.6245442069375782, 1.116038797260512)],262.944
[(0.017345734413815928, -1.3324025122959866, 0.8979120256766105), (-0.4012371587216614, -1.1467062611615928, 0.857310244531227), (0.3348537224360939, -0.967507825249361, 0.6008649932425059), (-0.43591318170649984, -1.1554775285479963, 0.9446151121376277), (-0.026140997342448163, -0.7445841376375841, 0.6831390032458469), (-0.02460434830927743, -1.0547893118399279, 1.0418937608693928)],1.931
[(-0.1993182869189436, -0.9036329204691895, 1.196872466532452), (-0.6890807504079028, -1.3103933682141125, 1.3301538940123665), (0.3701181033058536, -0.8073239542046504, 1.1566125282814814), (-0.043915518116773536, -1.1779046422008423, 1.1614062990749658), (-0.7516074148506817, -1.2054648555854837, 0.8594540246079185), (0.3380142731818745, -1.0910148853378228, 0.5549363758480279)],776.493
[(0.10606161821159565, -0.4788541498004254, 1.7209181651359573), (-0.18347077089422184, -1.1931191635398506, 1.3552686502208482), (-0.2104611475020847, -0.7608448346863943, 1.3075753530380907), (0.08582775253389827, -1.1602473198015428, 0.9046881928219785), (-0.37537198521061976, -0.7254609613860392, 1.1439690716423763), (0.20288309250223202, -0.756365066862769, 1.35112619243698)],40.178
[(-0.38590841711615054, -1.0846862820290686, 1.452084840191894), (0.11514380620035053, -1.3135594422265593, 1.46649441966219), (-0.08397216080021883, -1.1577685126143076, 1.0813389757371277), (0.32645107223263314, -1.2042828961823009, 0.7342670972200729), (0.33295666641180394, -1.7349253283492232, 1.2849823342372189), (-0.12894709079506625, -0.3396875786928639, 0.8674932184996134)],1.931
[(-0.21729219432748814, -0.5537539209090389, 0.9755582455405357), (-0.24316910318359264, -1.1289582227830124, 1.306797431367401), (0.19279344885440894, -0.6927814380757287, 0.9093113636302523), (-0.7123374713643054, -0.403532197196535, 0.8871226642218505), (0.17463749061147305, -1.0014564170972804, 1.1664821995780283), (0.20183645463446057, -0.9336761202829059, 0.8401707754856598)],17.259
[(0.12218984765450747, -0.8337339485248378, 0.9827030696784733), (0.23281425159579222, -0.7926568198243444, 1.2994095113252815), (0.5375985527629907, -1.0102386064219029, 1.6069175524705956), (0.22050910460387457, -1.4473449345183866, 0.9928712140150208), (-0.7891985719814195, -0.9436252120937689, 0.9278177496319582), (0.03923082543161563, -0.7605344561901767, 1.1233121538129007)],3068.442
[(0.1965649020247846, -0.3774842435046779, 0.9436563558440798), (-0.18367510977167137, -0.7138364695077803, 0.9206321546030369), (0.4739649264324969, -0.5156165471264711, 0.4089130272012502), (0.01260032225333753, -0.6560923906487485, 0.7794657704138488), (0.17908411381007833, -1.0032515023806785, 1.4007997298677497), (0.18684165818341192, -1.4756793849923684, 0.5176850999618866)],92.724
[(-0.33138507107912796, -0.7884929333453421, 1.8019422711645574), (-0.2850994237378792, -0.9511987305441757, 0.8113319996765038), (0.47363016824444704, -1.255522172495651, 1.5263878228699075), (-0.21363326316070266, -1.1962960184562406, 0.9172332490740538), (-0.29779523546019915, -1.2254114453544642, 0.964478449350703), (-0.2495703450759068, -1.505818530915486, 1.2340968876381453)],1.931
[(-0.37216401534222193, -0.9091006902307422, 0.4585594179604243), (-0.5996843546250756, -1.1185674755442807, 0.6365791545165523), (0.4960639195422122, -1.0478302705452656, 0.9107346300420187), (-0.018254492463575134, -0.9775129511104904, 1.2312494061335615), (0.3418558014481889, -0.9316913614247823, 1.713106178337919), (-0.31059350481884995, -0.8185737477854189, 1.0736584255061123)],1.932
[(-0.3905500201628328, -1.298680488096967, 0.947692830330593), (0.14780633413661748, -1.577344205016574, 1.2977182709008355), (-0.28793024619351226, -1.1467019199507686, 1.0941059226496992), (0.3000716236821446, -0.7489086335227744, 0.32664271764738495), (-0.17257627305392748, -1.2545097305707924, 0.8396310060131023), (0.765942069097959, -1.0452757182885473, 1.1928588632837187)],1.931
[(-0.6222714929466483, -0.6416370159355681, 0.8111205239989623), (0.14549370093754227, -0.9006963491345323, 0.8550972990516723), (0.06453928205330026, -1.2170360155954025, 0.941458075394895), (-0.313458009875369, -0.8556540848402234, 0.6980475885602635), (-0.2637666060088804, -0.7768315657881928, 0.7200810426350965), (-0.7355958040509045, -1.375668495261194, 0.7753532723581644)],3.944
[(-0.4166804876494147, -1.0743491442883946, 0.6734517306258923), (-0.250117460827294, -1.3121046751784577, 1.2600879811595949), (0.5353085047028325, -0.7700805044669553, 1.2223215928370723), (0.06559057272346643, -0.5508192126820488, 0.7319162606585021), (-0.5426492812893738, -0.8323607156292729, 1.172828377833873), (-0.05602983402265767, -1.0378031666028786, 0.9526539941531488)],1.931
[(-0.3381856388302358, -1.0610487651633669, 1.371365987258087), (-0.6243270854582927, -0.9269224073573363, 0.7685064893293316), (-0.4795940666079672, -1.087801792456973, 0.6061985803376914), (0.44644134189102247, -0.8958534486784688, 0.7470272600111905), (-0.7196119861267062, -0.9127073770284263, 1.3042033223038094), (0.21473585195695458, -1.20047557333646, 0.8873187571130096)],1079.615
[(-0.4851236601343196, -1.0880367612859718, 0.9503403449684323), (-0.8530253875877689, -1.2184456911835735, 0.9608496868474512), (0.6219704439746616, -0.9318364187793488, 1.163141933172204), (-0.44668238803102467, -1.1669080533609313, 0.4279475212471925), (0.5112891481384472, -0.69320667301498, 0.5223222423317919), (-0.08356617999407734, -0.9946063447549083, 1.5441264757582136)],303.899
[(-0.7553872088305437, -1.1343993810883148, 0.7330030320091051), (0.4079447184081983, -0.834473425473146, 1.0711379511013064), (-0.07236534197946096, -1.3396509269026902, 1.034504192052323), (-0.045730790229206106, -1.2924972836244006, 1.252863390412935), (0.023249057533914458, -1.0822865606793408, 0.8549071288496853), (0.1284444712385713, -0.9692968268625233, 1.3879004561853978)],1.931
[(-0.4204321183090329, -1.069001030489911, 0.5171692904897449), (-0.6156353475171455, -0.8861511851487852, 0.6457666661737602), (-0.4730609438522563, -0.9336050240258909, 0.8289188289956353), (-0.4009844810542577, -0.9499437409793898, 0.5078785098677094), (-0.16492983887772175, -0.7791599677163152, 1.28315751122507), (0.3228209257894097, -0.6412881506598567, 0.8026095380750417)],1155.93
[(-0.6671278350869772, -1.0736902653656812, 1.1067860056114835), (-0.1754544551663765, -0.5089857403901215, 0.7626132831785504), (0.09879133541379032, -0.6020700565349018, 1.1349514902604585), (0.19737088133311018, -0.7497443764388554, 0.9372019271211914), (-0.046377508358688285, -1.4946944001232563, 0.8866396231803535), (0.4674830659578049, -0.6845549044493704, 0.9712612604100277)],1.931
[(-0.38694403559906054, -1.062321688313428, 0.27035252362622675), (-0.21308181219065164, -1.357387098558817, 0.5904385257535407), (0.713861968868546, -0.5721326604430226, 1.3221852709322446), (-0.05329489937738989, -0.9128657924688224, 0.703593726956893), (-0.4450730016796581, -1.4699928205085364, 1.1875754708373436), (-0.05567227161256107, -1.3775509930301661, 1.3322160976515889)],653.722
[(-0.9131151962893609, -0.7579767538416622, 0.7392445628369357), (-0.12203870138211333, -1.0972969336413043, 0.8244457644530603), (0.10168686553752168, -0.9290274051794327, 1.179116702988408), (-0.3909342713402931, -0.9827991925779719, 0.9668844917904543), (0.3671593074136392, -0.7583253575027842, 1.120221487938548), (-0.31209385690577013, -0.9425776756050145, 0.7991248106897793)],1.931
[(-0.7948288496691943, -1.0749068076286807, 1.575852956443883), (0.6309351199386131, -1.2231216348250906, 1.1877897545282583), (-0.32403414650901385, -1.022630423899256, 1.0395883447570415), (-0.8157940086518546, -0.7511760441492986, 0.7749149852926753), (-0.7553831161534439, -0.34947329584499254, 0.21809585202637594), (-0.15210947737219677, -1.2433536729687833, 1.0445439069024391)],3490.86
[(0.4018808406260288, -0.7728396354957825, 1.169896464781213), (0.19805136020989467, -1.5434727025345136, 1.4122025729517556), (0.6659052173152733, -1.0279460224945833, 1.1753650945453977), (0.27252646382960427, -1.38706326457586, 1.2721009077278156), (-0.6310347192461421, -0.7830961298929604, 1.269876346613512), (-0.02521074766004629, -0.5405794318236241, 1.056945908009137)],3560.807
[(-0.7698060407518004, -1.127362905990554, 0.8976128185251324), (-0.6642536848951213, -1.102436766926247, 0.6091605368540682), (0.6669281002088914, -0.7158696964849947, 1.1853230258320953), (-0.4157354808705874, -0.9246047925933993, 1.1308972399063657), (-0.4251820154151331, -1.0009996417653666, 1.594016337298692), (-0.23075273372731067, -1.3062672333533767, 0.7726207145470977)],349.999
[(-0.913401524207744, -1.1586271981404344, 0.9981484863209698), (-0.7115655223591444, -0.7826023763600973, 0.8432647932640177), (-0.24204461870231928, -1.0089631773655228, 1.189532865716893), (0.5719661923535241, -1.0893523235443356, 0.4960702069890197), (-0.28580243060937255, -0.876385622041498, 1.1227971490073612), (0.9504657655332477, -0.9955915270506956, 0.9073968878469122)],472.021
[(-0.20590847333542173, -0.5183596148149059, 1.1474222846264541), (-0.47547908226906466, -0.8179714827120073, 0.5825822410471616), (0.8045399921579118, -0.5705152353603626, 0.6966508434831071), (-0.41340481538159535, -1.2428262251097193, 0.5252859527567803), (-0.2652911350468241, -1.3739057395973406, 0.912015118033768), (-0.1939144654088695, -0.7367476587431636, 1.0929919265334023)],26.603
[(-0.45363744644797643, -1.0161299380263171, 0.7306450019460051), (-0.9811864768098184, -0.8099233480791255, 1.4408905639315637), (0.07510594851450887, -1.0948148851912054, 1.192583960196001), (-0.40591181534999765, -1.199355715381529, 1.2759549947835775), (0.08475096800506297, -0.6701492251231154, 1.4750329420984247), (0.9429430506567702, -0.842072273836036, 1.193502977504251)],409.317
[(-0.5075504560111895, -1.433857106083953, 0.9131851216207626), (-0.4386182483682063, -0.8812650592903203, 0.9315517435179884), (0.5816125963303073, -1.138927208411738, 1.0825093830250134), (0.07816152173254524, -0.9121248610270557, 0.7600906312037722), (-0.4921258165427219, -1.1187376416645687, 0.6788421153802193), (0.13425743899486273, -1.157564421414437, 0.9544434553580519)],1.931
[(0.0890022490090554, -1.1174852618492637, 0.9968275239766375), (0.8069778406010484, -1.3970299886243556, 0.5559292270549969), (-0.1078966824323094, -0.705184454840851, 1.3798734449288876), (0.43295366425682547, -1.5907540998073677, 1.3360989037225983), (-0.018519456770041028, -0.6640314804270792, 1.177306486602005), (0.39111438992675435, -1.129012407230429, 1.0977251633723233)],1.931
[(-0.5039650505267729, -0.8600846314420293, 1.0796923676007115), (0.12185630145517973, -0.9831064422019844, 1.0816788373442785), (-0.11514596294467769, -0.5288874422091294, 1.2789218333211045), (0.05128736265299013, -0.9516729354025493, 0.8853884154670626), (-0.21956530811288405, -1.137486433970453, 0.8084514135857636), (-0.07673242934759432, -0.9279348523792773, 1.2404752057376722)],1.931
[(-0.13664470022566821, -0.5089470776283073, 0.9131226746936082), (0.7183534375224065, -1.0457348068018175, 0.42134375185594), (0.023993464932721642, -1.41806865532377, 1.230477853010855), (-0.2043173703944047, -0.7801077003163136, 1.331082537570326), (0.22943781732932356, -1.0929782866181328, 1.008923997925932), (0.4332354386286693, -0.6948401446141146, 0.9246743015909628)],29.526
[(-0.4133255149834252, -0.7942692782154122, 0.65422203935745), (-0.5487471178494844, -1.1417063206554101, 0.5351490649721515), (-0.3076019220613485, -1.2594569726077842, 1.3148752210552443), (0.4432159478436686, -0.9192325305442638, 1.0914965956063434), (-0.23961842382218468, -1.2099007174001783, 0.9662365995661462), (-0.33016007531489255, -1.3421867346384933, 1.2332254409986885)],1.931
[(-0.8676137865511486, -1.321200761331176, 0.942770131297447), (0.44127047757037746, -1.2803873116890643, 1.10330884271333), (-0.12813982237316082, -1.3312590922661784, 1.2848553889544414), (-0.6057826686339574, -0.36016099583349226, 0.7750544336852396), (0.4749985100234249, -1.0528341218388455, 0.9033750017010473), (-0.3725161412790889, -0.7814900914183681, -0.20933623869030193)],1.931
[(-0.2214461390710908, -1.1345937917447797, 0.954403129501746), (-0.30250426279826176, -0.7148664166813692, 0.6872130409712949), (0.05279613779246718, -1.1653952939634207, 1.0767352846800098), (0.09903445702612242, -1.2992240546005176, 1.130059402251135), (-0.3232879750562928, -0.9810999153531623, 1.0401131942192412), (-0.4158584829090116, -0.7681300310853183, 1.3317651386078508)],1.931
[(-0.6154430780298592, -0.6685613348306549, 1.091382893968493), (-0.0373937898614044, -0.6798341138216735, 1.3476491368307266), (-0.08102381815320439, -1.0530647181887083, 0.4071282954483064), (0.8694095317572863, -0.6616909338550958, 1.1766994428954662), (-0.3552086619673261, -0.7784437360087788, 0.9317373006562709), (0.3136191347451698, -0.9177216354899845, 1.0206509045296455)],811.169
[(-0.7076494052348759, -1.4787134943278346, 1.2292731796970622), (0.08150236192158972, -0.7185608242211816, 1.2641469548026678), (0.5494218177778188, -0.8344097780877857, 0.14024451179879327), (-0.43130714234457546, -1.5528548591820501, 1.3971969284163435), (-0.07161460778341819, -0.8016296426915875, 0.941719979035625), (-0.2624560135452851, -0.8553187516027949, 0.9393620244473123)],9.616
[(-0.6577685220410536, -1.4204125597231227, 1.2783484039733997), (-0.3278652465469407, -1.113713859838331, 1.328081239742214), (-0.29690122573615174, -0.8172247340228602, 0.9531036794014937), (0.04636732502860348, -1.7161435728573953, 0.42986964036326303), (-0.8348493734037199, -0.7099937895479334, 0.8321115818796596), (0.09507679226643125, -1.2100036508247058, 0.8364014859771504)],624.576
[(-0.7672539274329997, -1.180209301972688, 0.9011744768468727), (-0.17475992919843605, -1.5149051265194866, 0.5011426102711809), (0.034472886070177525, -1.2462262189170314, 1.2193746956525486), (0.27942187672175983, -1.6822439257923048, 1.0252156598171336), (-0.06963901141439013, -0.8753299381103656, 1.12482265867034), (-0.3152159668853567, -0.6701280391552711, 0.6222957050349496)],1.931
[(-0.6173648447111284, -0.3888870851483758, 1.3339927022259386), (-0.29946568404415663, -1.0961462523240253, 0.9382503574392571), (0.7965573146003521, -1.3275301012774003, 1.2146179956342305), (-0.5795390627795257, -0.9931406949029034, 0.7571631602228899), (0.5090948157100514, -0.640193246362215, 0.7004431033090992), (-0.546018569327269, -0.986369142829642, 1.102860314022694)],421.455
[(-0.33736345562292086, -1.2838325868873366, 0.6561880006246747), (-0.16063388652583532, -1.0568043232912692, 0.9286928632677818), (0.7040766985540097, -0.7314419618955201, 0.5820014999402789), (-0.13224038770108473, -1.4626705471753942, 0.9847062581229609), (0.05191967409164508, -1.3327586598745118, 0.7771932728915483), (0.3002303647594081, -1.4582496094026975, 0.7608141389224095)],1.931
[(-0.7573083062817415, -1.5711466911179541, 1.5897267160060733), (-0.37684505152487763, -1.0108042491477123, 0.9241275612915466), (0.5309488537821835, -1.0864470133209887, 1.1649953137856142), (0.3241852258741944, -0.9784754740828989, 1.3438574768125109), (-0.17373609400990736, -0.9389226835110374, 1.7511413052081677), (-0.2944009668686452, -0.9417622839624226, 0.5875023618595054)],294.226
[(-0.4134452296250643, -0.7270433022500162, 1.3147071448243244), (-0.24592749890682886, -1.172594022800662, 1.0972811892649956), (0.44669486596275354, -1.0138493918039058, 0.989514606585804), (0.1736659940455987, -0.5827884908747658, 0.825893163754748), (-0.6386264787733975, -1.3837612877850909, 1.6846218512698226), (0.04758291136335246, -1.5799310367076016, 0.7138876677201791)],650.77
[(-0.6863279811076457, -1.3144081351545964, 0.8028389529919375), (-0.4314441660554037, -0.884175803201998, 1.1421598115837015), (-0.3638386568388512, -0.8499003779982649, 0.9277126087902579), (-0.6663560777786318, -1.1982530015362265, 1.2689308582895096), (-0.4910191833215903, -1.1893893189689027, 1.35353226730569), (0.5086685381135738, -1.2997299919218142, 0.39813246252085444)],1230.581
[(-0.5664090636905987, -0.8243685945877063, 1.2641065583462665), (0.09223058030736342, -1.5215106445766344, 0.8718550179627786), (0.009947216597935238, -0.7717364629119652, 1.422189494730843), (0.06514323974119315, -1.2161779839234614, 0.4060803702106829), (0.08855501692833796, -0.5902690287915939, 1.1210269241780604), (-0.45142545551062874, -0.8289688360634179, 0.9974038882820442)],1.931
[(-0.7223478000692489, -1.1545376231019238, 1.17511768642725), (0.22796385131707597, -1.4162732899509336, 1.1629390628755834), (0.36646129009116835, -0.711012961594397, 1.013216715033786), (-0.39519430785762144, -0.8269722778130252, 1.491838817357397), (-0.9490762707888916, -1.2155952667487577, 1.3449772452376874), (-0.17576363287697258, -1.236009064964327, 0.9521839339103914)],2002.195
[(-0.23651121275705866, -1.124965167167809, 0.8492893510044689), (-0.1879966214023615, -1.1723523402746576, 1.229759102181035), (0.04097810430162799, -0.47274863001283807, 0.8466936896999568), (-0.5671396366418872, -1.5057464929638864, 0.8631434784672642), (-0.5513018800645368, -1.3211583392581825, 0.9868045293812293), (-0.02994008230349007, -1.1634012747931182, 0.9964963983095007)],1705.42
[(-0.26550725849023116, -0.9590111679193606, 1.3299664724660725), (-0.003255339358248288, -1.105438393109567, 1.1535435417675068), (0.11512224625051598, -1.34291138958985, 1.0919966576475413), (-0.2310926424421026, -0.6712011329241343, 1.0744012531245064), (0.3786133455127208, -1.2801103910348623, 1.4182818191945192), (-0.03891572526986056, -1.141578908392015, 1.6877594838058214)],1.931
[(-0.6687658120880517, -1.4840174063641989, 0.5808608205176011), (-0.011969842637142125, -0.6929694403574642, 1.2279450223483934), (-0.11469770098821355, -1.2315253841096483, 1.1488388970179295), (0.7879032512675685, -1.2746272996753287, 1.2158104635768159), (0.13932466948883587, -1.4936978997828059, 1.453733508067439), (0.0029480405988325086, -0.784192560011928, 1.0524830815451525)],839.236
[(0.0970404722892999, -1.3373710414399742, 0.9286079498873003), (0.11384548183828874, -0.8474487658168556, 0.7661081248030519), (0.43332100994253986, -0.7853010512583694, 0.8750828783705149), (-0.8935656981423346, -1.012526020792187, 0.9075737426038943), (-0.24960430839325626, -0.9937926297201951, 1.2357100502129104), (-0.03937679723299588, -0.6009484309299008, 0.7336776762866601)],3104.271
[(-0.33759566417347897, -1.6142459103407782, 1.2956497565580494), (-0.685366104433042, -0.865307419251966, 1.1761749115672213), (0.7341839412930877, -0.8064363953537473, 0.9821475356531972), (0.7545603979649462, -0.716280941359823, 1.1815633372270302), (-0.8032453490318711, -0.7883442147595561, 0.7831909550476608), (0.28366029173979695, -0.7298957509179311, 0.3683525543180536)],1176.423
[(-0.3685096217557931, -0.5855865069240695, 0.8853285308327663), (-0.2256925287086142, -1.425683641547138, 0.9626603813206751), (0.30978335497372456, -1.5551033682131319, 1.2760445639543958), (0.18110328748913634, -1.2727888937986827, 0.826782173128026), (0.12349938434483444, -1.2036850546000912, 1.3986671310833674), (-0.12491617407744485, -1.070653404295609, 1.1049090087736075)],10.904
[(-0.9815030725743068, -1.54072313955129, 0.9340537452912551), (-0.3552601800536626, -0.885981625045006, 1.4251390765816283), (-0.04815019373257817, -1.4795767457743165, 1.134670469794993), (0.3385651938625489, -0.5936966027734818, 0.6522779928020759), (-0.2020477436001959, -0.692133795042281, 0.9757733614732558), (0.2206132998754299, -0.869840443229972, 0.8277630799493724)],212.172
[(0.03444968759499012, -1.1077042305841924, 1.2982478273662852), (-0.3987082782082798, -0.6053026399085848, 1.2578314844801042), (-0.1299772718542295, -0.9281982154364746, 1.1235558484386592), (0.10247653669609831, -0.5927654324546113, 0.8590791475819963), (0.6343470469901147, -1.3919754474394814, 0.6957472580790496), (-0.08288421385928682, -0.5441972191985167, 0.7132822145087812)],1.931
[(0.030436776415037836, -1.378817670346524, 1.277862920652019), (0.14869457339215247, -0.9397910777474064, 0.9521983968636455), (-0.6209830351073653, -0.5509578771368622, 1.0465249525824791), (-0.534052369901817, -0.9723734820777956, 1.186176129145605), (0.27075168304980485, -0.9374047960463529, 1.2136197087475529), (0.12731571976393347, -1.0296296724544272, 1.2205197139437676)],3484.676
[(-0.795675320279195, -1.5773757162157633, 0.7017248981498154), (-0.6276816830436351, -0.824879903288896, 0.9877817712571525), (0.6308801629091728, -1.0859804868040372, 1.20182425050479), (0.18459878801711982, -0.7700735631811491, 1.6533623794322958), (0.07269156756130608, -1.4396356667681083, 1.1436151496295337), (-0.3215265995733911, -0.8321710766780639, 0.6442352578895734)],258.654
[(-0.10033505431477707, -0.8859062001672687, 0.9028643837215965), (0.6769954049202829, -0.9825770483063347, 1.380510174393473), (0.6415004076713265, -0.8041510735705356, 1.2414799345312755), (-0.4141208775401363, -0.8892796979093027, 1.1371500781417614), (-0.10053959175200369, -1.0551916031298614, 0.7973338157273056), (-0.3858003578332177, -0.9377452219717726, 1.3870184242183212)],3623.191
[(0.09858072448005206, -0.7773111801562336, 0.5659296912608789), (-0.7162272682284867, -0.9801583689217797, 1.0015359648537387), (0.1743346536190453, -0.6994048802717827, 0.42517052735796423), (-0.7134006768217894, -1.4040056973011381, 0.7040190269379544), (-0.5902688072570066, -0.7179235112118718, 1.2627052749623022), (0.5749902598189894, -1.0240042952068473, 0.5907573717658059)],1777.629
[(-0.6214071045353118, -0.8604363327564579, 1.3651073356570225), (0.21306694746868615, -1.1488971261317904, 0.6661213740545806), (0.25100855487135765, -0.6725544288176197, 0.6397590658536798), (0.22078091504495242, -0.715580393518296, 0.900849437006949), (0.9219048889657008, 0.06407044948617346, 1.0749774958193627), (0.013329561315447597, -0.6452998312289502, 0.867523086802274)],1379.932
[(-0.6767893599765809, -0.9246223480736998, 0.5490369819058897), (-0.1228760706652978, -0.8108803210337681, 0.7454321938963916), (-0.0485278140184702, -0.7534346973827042, 1.4545725293103249), (-0.29956125260229927, -0.923313467752474, 0.8084475970752176), (-0.5834722983027275, -1.0480971385470372, 0.5308325620993429), (-0.23036785410167898, -0.8855866309212996, 0.9725480392008742)],780.44
[(-0.7011627403486654, -1.3885036701056364, 1.0987655278278647), (0.7154713132873041, -0.8159975951545115, 1.572844398185467), (0.014477790035395816, -1.1285911741313859, 1.2228099812056112), (-0.12602455911277285, -1.2081066461823475, 0.4408548861767432), (-0.41656498095473454, -1.3129203046717135, 0.8674695537970765), (-0.5812757669678762, -0.9695118865538367, 0.5734005152961907)],2151.428
[(-0.8804156550797501, -1.1125836463417402, 1.6473797580312635), (-0.213493147851046, -0.7956381809217105, 1.0133998817690033), (0.6998515093157044, -0.9412739162027679, 1.194184319044584), (-0.21760914068335704, -0.8937060082003833, 0.6755693615323164), (-0.19883283362517978, -1.0132298489434932, 1.4911939188291337), (-0.005723875466313074, -0.4750801375007455, 1.6318014094946909)],410.705
[(-0.8063413404674219, -0.39292737195998984, 0.886634938008707), (-0.08821598220863935, -1.0371187625085918, 0.6592948977321684), (0.5981425488068134, -1.1617730041392849, 0.8771584367707272), (0.39544628889346356, -0.9550415231248509, 1.338675979274199), (0.10218818797857841, -1.077874983465937, 1.054884247330763), (-0.6960765014964654, -0.9533188085203217, 1.2458289817778063)],513.719
[(-0.7923833226029073, -0.4485621740026765, 1.3412611957215317), (-0.49445056650641545, -1.3556261326608108, 0.8487949515984923), (0.5800709946694756, -0.6652889506361327, 1.0325195657981898), (0.15788062083565918, -0.9228644962741028, 0.604912916979349), (0.04730970537379191, -0.4815049167003115, 1.1099512227870094), (-0.2634040609768336, -1.1834121779730151, 0.9379311954235388)],53.054
[(-0.555330265868327, -0.6165096695247314, 1.33912542845872), (0.25109409103021435, -1.1094074239466527, 0.8668269885824753), (-0.32141334134757715, -0.7725365116561054, 1.0960980544171934), (-0.16751965476897823, -1.6922420798243012, 1.2873838211574768), (-0.23832058060986638, -0.7445779667114141, 0.815822010481811), (0.1822098335502761, -1.0419089963970927, 1.2219606395603477)],6.429
[(-0.4, -1.0, 1.0), (-0.06, -1.0, 1.0), (0.35, -1.0, 1.0), (0.26, -1.0, 1.0), (-0.24, -1.0, 1.0), (0.0, -1.0, 1.0)],1.931
[(-0.4, -1.0, 1.0), (-0.06, -1.0, 1.0), (0.35, -1.0, 1.0), (0.26, -1.0, 1.0), (-0.24, -1.0, 1.0), (0.0, -1.0, 1.0)],1.931
[(-0.7, -1.0, 1.0), (-0.27, -1.0, 1.0), (0.25, -1.0, 1.0), (-0.003, -1.0, 1.0), (-0.06, -1.0, 1.0), (0.0, -1.0, 1.0)],1.931
[(-0.7, -1.0, 1.0), (-0.27, -1.0, 1.0), (0.25, -1.0, 1.0), (-0.003, -1.0, 1.0), (-0.06, -1.0, 1.0), (0.0, -1.0, 1.0)],1.931
[(-0.7, -1.0, 1.0), (-0.27, -1.0, 1.0), (0.25, -1.0, 1.0), (-0.003, -1.0, 1.0), (-0.06, -1.0, 1.0), (0.0, -1.0, 1.0)],1.931
[(-0.7, -1.0, 1.0), (-0.27, -1.0, 1.0), (0.25, -1.0, 1.0), (-0.003, -1.0, 1.0), (-0.06, -1.0, 1.0), (0.0, -1.0, 1.0)],1.931
