[(-0.15268479067276722, -0.6924883811494069, 0.9015003182415383), (0.058713538640131006, -1.469189433549964, 1.0117441146906556), (0.24329851444503336, -0.5192357932489449, 0.7356216763782124), (0.28763747562517045, -0.7208211329290468, 0.3312644431559558), (0.06151048641306424, -0.962486972105947, 1.2248984687572575), (0.2654050300200163, -1.144379235313639, 1.056930521207332)],3028.637
[(-0.08311099821360715, -1.068657952111345, 1.2526350716122396), (0.0970472575360498, -1.5742490193372047, 1.3284022214015208), (0.5176375489029639, -0.7281082624167358, 1.1010347599162646), (-0.02786296062156124, -0.8443974277924811, 1.0762758985944139), (0.3884060041602922, -1.1192142952268982, 1.2294289407424561), (-0.2800610793341756, -1.0346774072612592, 1.4657245979817761)],3499.296
[(-0.44083400487906055, -0.8678450777715664, 1.0882140388750439), (0.3361296975920764, -1.4494767388602339, 1.3169280081495007), (0.00239775102253453, -0.9628953201201358, 1.2401089549630697), (-0.10948576300605171, -0.8197606636240131, 1.0107481497522508), (0.5170481906047201, -1.2657877161159912, 0.6360104049908752), (-0.5639195288867483, -0.9236421807279341, 0.9637251890582526)],14862.524
[(0.08148202925149876, -1.257807340665301, 0.4184838023076888), (0.42668460866091357, -1.4155388449556154, 0.6403812728715716), (-0.4296661361770123, -0.9893440803451593, 1.0510842399853513), (0.8280862463946754, -1.2889951580848007, 0.6731112991396608), (-0.27344999778924645, -1.1614666577711685, 1.17392024551236), (0.15779203651153434, -0.5547834938997968, 1.097897850074399)],448.117
[(-0.0234928192209587, -0.3568209817244965, 1.0483113445965018), (0.48934424941616067, -1.5317066415872467, 1.223826765529558), (-0.14835912567918663, -1.0262137632965587, 0.986841677608948), (0.5873898035140468, -1.1211171705437868, 0.8651702802793171), (0.4580574154643722, -0.9805420429395594, 1.0506078019459326), (-0.24826396177058213, -0.3899792491061299, 0.08862080662579441)],3677.527
[(0.010938380959228182, -0.7865062308121704, 1.0764061038266854), (0.7165783042100726, -0.8148692183596575, 1.2059038086094218), (-0.28144690501699343, -1.0356164044298937, 1.3806416099441607), (-0.5210223678463071, -0.9248073351844274, 0.8147324551986863), (0.5999680347087614, -1.0412538519071965, 1.2616662012061606), (0.19353891470826787, -1.3789148472625474, 0.9074771583006686)],8715.733
[(0.35460011898004257, -0.8894828598744609, 1.1262466634095394), (0.2987852600058435, -0.9922642609183838, 1.0925601356835102), (0.12975750184916207, -1.2629901921090672, 1.0683755458420037), (-0.11018711860532082, -1.3434857683618044, 1.1567216297204386), (0.0180227464830367, -1.404213336790068, 1.4402280429446572), (-0.010185954883759856, -0.9842529907240765, 1.209309978977422)],649.01
[(-0.001494431375527158, -0.9362571542925109, 0.8779500488792842), (-0.358395070407022, -1.2263517570831455, 0.9187192379787834), (0.8103180523922083, -0.967934922904201, 0.7031685985575149), (0.15037930281685535, -1.3861317566550992, 0.8574054152483628), (-0.45393878456593845, -1.089044036757516, 0.8937424040896671), (0.7014124197310925, -1.4805157383595204, 0.46560590230500176)],3183.783
[(-0.02685924642599808, -0.8130483772908212, 0.5642840272347975), (0.42156375584623523, -0.7052786390327707, 0.6917257948962419), (0.2824180173302166, -1.2335635567885643, 0.5199934911680459), (0.2598685832152424, -0.9341032718741987, 0.8333989390567418), (0.31525795412931945, -1.1430128946051594, 1.2212385486776636), (-0.34998840150259936, -0.658165936841657, 0.6678910827761795)],1794.476
[(0.6306195960138141, -0.41850179635931717, 1.1342690165265519), (0.3403575079318485, -1.496298840656113, 0.952945495354024), (-0.6825969393272139, -1.4030407040954338, 0.6407991038205894), (-0.39156694245073687, -0.6000506028822337, 1.0085307598489386), (0.1374484993414767, -0.5843560051744724, 0.6696578935481587), (0.08104421729961006, -0.31579706031571775, 0.8737928748335206)],3926.387
[(0.35125435665131105, -1.3376389595874005, 0.9645385752422367), (0.12360885011028694, -1.1879051770503521, 1.4704979562458074), (0.31934885251608974, -1.5035189104117697, 0.7614461019534147), (0.22827220196225204, -0.715986068567306, 0.7174401878602128), (-0.567976482071939, -0.9917539267976385, 0.664044425455784), (-0.12087817489029994, -0.6645236785127608, 1.2330597454459737)],359.67
[(0.9912278827982758, -0.3822139546213762, 0.9407152049622196), (0.2302309529216781, -0.8088856038821024, 0.5943198798981982), (-0.6581829097202557, -0.7971366775106978, 1.2594671344360517), (-0.6113669348277984, -1.7335559985242956, 1.093518238694999), (0.6329697540571434, -0.5755399025552008, 1.0401271942386279), (0.2868335910186374, -1.318301861167506, 0.6278804940819029)],5543.437
[(0.4645545106854253, -1.1622148629821816, 0.8449389482400446), (0.013854391340620205, -0.9013014992967439, 0.9711257084864127), (0.001547082767743859, -0.9269613538739104, 1.0610838525402915), (-0.5076960701216118, -0.9740649390451642, 1.4838050941619807), (0.5186948265025136, -1.0603226143746538, 0.8772521171847515), (0.20104036078381057, -0.7410011787601776, 0.9358729952750808)],7616.633
[(0.31274851314969493, -0.865334818310854, 0.5741483141141475), (0.6679578629513098, -1.4105467532632943, 0.9332040587878735), (0.5325875043314294, -0.482005597712986, 1.1730216515332916), (0.7809503411047355, -0.709964135859638, 1.1034538763728352), (-0.06978638749511595, -0.8603741570566646, 1.3736770241302039), (0.1007355845435208, -1.184032713253843, 0.6239193137456447)],422.953
[(0.018688134723633155, -0.744184893928618, 1.099287527025153), (0.12021179048380294, -0.5605739615348055, 0.49973858075660926), (-0.34671419223149846, -1.0302632215734342, 0.9608753938420008), (0.47122903054569426, -1.375433016868546, 1.3577037916842452), (-0.13273493316370027, -1.1420603621952612, 0.4475908728043374), (0.11282080968689802, -0.6619905069499561, 1.3006920186111322)],6258.103
[(-0.390703852892987, -1.2351153990271921, 1.8442566208657363), (-0.3651625613936783, -0.8859825130526248, 0.7439456603282683), (0.4438929410986884, -1.0586534416053817, 1.2936151252205446), (0.30297366618062777, -1.2557308225414632, 0.8001239201056397), (0.013732862891122017, -0.8223021526445653, 0.8032588154470772), (0.2526456195315935, -0.9126751077890459, 0.2782049202814715)],5478.513
[(-0.2712202596863921, -0.8855511245846929, 1.0694163398512981), (-0.45745893161170414, -0.5880647609758001, 1.0293942077709268), (0.8320193331410094, -1.4635227155997286, 0.967602616970564), (0.43696563094224233, -1.257580605636984, 0.7212742786530691), (0.3989887607731509, -0.7949469497606708, 0.7862975033310207), (0.5283350533167299, -1.271037740400486, 0.9794439677064939)],5365.667
[(0.0223653648315287, -0.7063941859291052, 1.1922239962655432), (-0.1930147495580718, -1.128764171310495, 0.49092009873205045), (-0.23502982494090532, -1.0894911369616072, 1.0419055945703817), (0.15550975031192937, -0.8497325510114312, 0.5050419592713977), (0.2526449543176486, -1.446228950878091, 1.4354129077390063), (-0.09576007249255447, -0.890057975779904, 0.8860230247095782)],22976.784
[(0.26510655264794203, -0.7959687964306587, 0.9925992667380229), (0.005876680118013994, -1.121286209268798, 0.8865766166673156), (0.20376080149431267, -0.8384135704623037, 0.9199888615176042), (-0.2602424177630315, -0.5566395724561978, 0.8476011178849876), (0.1254883114321521, -1.2682339300956602, 1.085821580742104), (-0.5167273541576026, -0.49809876593523017, 1.182369455254328)],1700.453
[(-0.43038680037937177, -0.8617689153520818, 1.0509588634320095), (-0.30687542952548175, -0.9947376172627338, 1.3281211477343349), (0.9181015130628722, -1.3229001853193298, 1.1981636849621002), (0.9565155504947842, -0.7653556362579021, 1.2493068897172945), (0.11522245051706476, -1.4709835793843284, 0.979233868648714), (0.17812916804429604, -1.130926209041215, 0.62041661317974)],3885.59
[(-0.19381381890473068, -0.9113360258396824, 1.142230788366024), (0.3878319672523973, -1.401640268280297, 0.740165265907673), (0.2003711042626952, -1.0044841702233167, 0.45104142321670426), (0.0019065884809335236, -1.173927204696331, 0.8715823033153582), (0.2515745731239666, -0.5343047934793163, 1.1258811882741224), (-0.2435755595465089, -0.8367321922949515, 0.851514638860442)],2347.611
[(0.438837799561702, -1.4074030385970122, 0.45425104784110604), (0.2531139087927878, -1.3441269995433387, 1.3113107495191905), (-0.207876698973114, -0.8289730383222982, 1.6160100010466514), (-0.8755493432526027, -1.2709253554316462, 1.4490508451008441), (0.4061361356903262, -1.2235961142875904, 1.4795269011095957), (-0.09860391130331121, -0.6404367358868974, 1.5279174601061785)],5365.427
[(-0.023147991917713398, -1.0024267447504283, 1.3031192350866472), (0.3005812471170261, -1.2014654229597952, 1.0246052979839164), (-0.1795225952330199, -1.2245615090131403, 1.1606184213509945), (0.49944117484981393, -1.1233323675606983, 1.5921455977229555), (-0.14605497139504164, -1.4317345075882313, 0.7890947530132607), (-0.05187337966687282, -0.9680754015594892, 0.8948368754236733)],1253.159
[(0.741390716483982, -1.4762261837459474, 1.028467428559105), (0.15197653652346263, -1.3374621713648325, 1.2059455356332833), (-0.22091582707313887, -1.6755173547704465, 0.8142001792876449), (0.25685802330242946, -0.5765054703345696, 0.8251727986312091), (0.35155534843540787, -1.2153936679729898, 1.0523784719717848), (-0.9060517297658391, -0.9122438868782732, 1.3076192295459885)],1820.072
[(-0.814052622892849, -1.0651635874054093, 1.4962092511153229), (0.3732395584010283, -1.2160476683562806, 1.0369565836624872), (0.41381501121042785, -1.1087494127164346, 1.4083345063110626), (-0.3286367025672647, -0.5373603764447501, 0.8418605892667973), (0.7348883382076086, -1.595850441562827, 1.0845996993109386), (-0.564187537480473, -1.129032450495661, 0.7561454287329268)],10908.439
[(0.6080923364947424, -1.3499522419803018, 0.6475750273743344), (-0.49077795941167646, -1.2368927332611888, 1.0597168704870215), (-0.0022271679470051474, -1.0731390890365697, 0.7252766041000916), (-0.5618850241867277, -0.678541449545442, 0.5066962644074025), (0.5184318522143779, -1.2527709707702743, 0.6708956494436007), (0.6699985165471845, -0.9550660894237453, 1.134992187049333)],13198.524
[(0.9242209519305484, -1.000758720077443, 0.7159789007133721), (0.14430517791083944, -0.5821847006027207, 1.5641433484027556), (-0.5462673059800852, -1.133719270201193, 1.1417706254796858), (-0.13817657420619855, -0.6929566693618352, 1.1586922227712462), (0.3261223278892993, -1.006532996801253, 0.9513883726777781), (0.12094640457942106, -1.4527047140816802, 1.2441778356301683)],4479.669
[(0.7550776103493498, -0.9734079802695025, 1.2969955256606789), (0.00039150186218160805, -0.942523830170907, 0.5869234246216839), (-0.14699836715268622, -1.0668187270685212, 1.6035279395123168), (-0.1027022959246033, -0.793166386096962, 0.9815554195240018), (0.26612944126573534, -0.8070239975355953, 1.1416055463446932), (-0.1163055942376492, -1.4142091548465845, 1.089349618991241)],3138.823
[(0.14676367158186923, -1.2061072547753773, 0.9411959821782868), (0.3123994967857746, -1.5516606565082425, 0.8056189951738191), (-0.2300147071336723, -1.2180279068276743, 0.7130739724465022), (0.547368348795589, -0.38086229242265346, 0.8568447130543891), (0.3949552430264316, -1.2923411806733291, 0.9735258283748767), (0.024997018828013782, -1.5878310438541468, 0.8113038251408919)],5.645
[(-0.16833244817511644, -1.3864614771346704, 1.0017352858175765), (0.4008966939102583, -1.1722646541528803, 1.310929478949986), (-0.07972780451342426, -1.141909384489967, 0.882117172670787), (0.03410751667676617, -0.9735938170218588, 1.3684030273847332), (0.5583305138470084, -0.9912910674358175, 1.2111307629440273), (-0.5575532666986335, -1.2157499632537134, 1.0725000406332823)],8533.052
[(-0.08326409652462888, -0.7091500287827088, 1.0613137872591352), (-0.3654778215389666, -1.106878719001313, 0.9053734928533637), (0.848846243618763, -1.103308863654274, 0.4577997041962397), (-0.1713012834404608, -1.0240121660100014, 0.9532205322310938), (0.46077160037618314, -1.0541289244307972, 1.0533990029118543), (-0.40330911514683787, -0.5988985797386097, 0.956877273209914)],14787.368
[(0.14866960297738321, -0.6043751066247134, 1.260874856486494), (0.38770826167855105, -0.9380005301308922, 0.5628134107801137), (-0.6212715804725615, -1.0860514834648147, 1.2707485619388863), (0.04758586674185261, -1.3628068767538726, 1.3111329378350836), (0.33462292188127146, -0.6734925736249839, 1.1966277186454342), (0.19623807753459985, -1.2332613657257583, 0.4846305554559125)],9310.033
[(0.12490574938553706, -1.1160450759758846, 1.0301256190897217), (0.47348510193610926, -0.8420891969682766, 0.8524013690265315), (0.009295037339974995, -0.8243018109288884, 1.1933220550606978), (0.43148431012276606, -0.5651181581287568, 1.2646757882816264), (0.013064040846006687, -0.9131609470641776, 0.6677209807632452), (-0.20541561921315432, -0.653504326497613, 0.6772437210923075)],5.645
[(0.308958175865551, -0.832353840880987, 0.9572717338678022), (0.7721997829117083, -1.2601862838146727, 1.0115099695046181), (0.23765764971639247, -1.069729005287413, 1.0172795075130232), (-0.11332632103848557, -0.9611570927338352, 1.4279597483502804), (0.16105075393640697, -1.1064275818718594, 0.7456603807327786), (-0.06352780334229735, -0.754602729267096, 0.8196675603111677)],5.645
[(-0.0071729772728342705, -0.7536958546830609, 1.1290409244644346), (0.28713799304318477, -1.1412347830947558, 1.5273615266271618), (0.49064026122774457, -1.0011276276613692, 0.7821768904918219), (0.3170870196075893, -0.7115407966483382, 1.497588224135802), (0.5237287849279115, -1.0866833970579406, 0.908360430808802), (-0.3464966865190099, -0.9268896021220908, 1.2149150403287003)],5.646
[(0.02808239076245894, -0.7715117970809127, 1.1396803862458509), (0.2191314258337559, -1.0908726198044523, 1.0772688925830471), (0.6361976517894918, -1.0237631233751237, 1.08636445023794), (-0.09492955325455235, -1.5083494886815374, 0.8404804287392978), (0.6015549138340612, -0.6153030197522145, 1.2515073662368328), (0.08945794505131037, -1.1891413480844666, 0.7259707046088151)],5.645
[(0.5978937156763149, -1.0813060435075732, 0.3434712377558512), (-0.08998739854486974, -0.9216713108309327, 1.1344772665353675), (-0.13995539753342787, -1.3234369985597276, 0.6793014798994028), (0.037605548203201125, -0.8341692126528292, 0.718938880873889), (0.17606258670323216, -1.142911589355586, 0.9809160212965313), (0.4203303983753415, -1.3967968188486566, 0.6499265813142159)],5591.168
[(-0.15688068661316198, -0.6612308950159678, 1.4482420879287232), (0.12414604719420616, -1.4057183194909335, 1.1473331586135413), (-0.07094152884707462, -1.553638789165177, 0.6741399233366714), (0.33276057724427344, -1.3026976189341597, 0.7402897549456424), (-0.08978853912650599, -1.3804687183545001, 0.7598378777236605), (-0.22621535353241873, -0.6059443313904453, 0.7962051044984493)],4137.881
[(-0.18083762820207336, -0.6141788345371568, 0.715011058118536), (0.28520997730534553, -0.4782134290610667, 0.582133477105184), (0.14906369422288213, -0.6084269682082786, 1.1021936540448132), (0.20854765024690233, -1.1198910692785993, 1.3588226271253672), (0.11831290900958867, -1.7172174496381856, 0.7915630922319571), (-0.07261475132716133, -1.178636346269887, 1.2928962525776344)],2130.614
[(-0.25862525235929734, -1.047684059213472, 0.5293963003258497), (0.10543359879229108, -0.6523706323786026, 0.8397791311372685), (0.18708070480870953, -1.102483499703301, 0.5635285627898672), (0.7949489210373375, -1.0145423303766168, 0.36956736842053073), (0.8634786288331757, -0.9717801993697337, 1.7940201453465894), (0.473864358873762, -1.0894870265506955, 0.8600628879207546)],9034.433
[(0.4584440855838073, -0.5349271910639826, 0.722905206092002), (0.13258006191726643, -1.0470059484135459, 1.3271738972030025), (0.13948236296722824, -0.8111496464958973, 0.8963070352696352), (-0.16750269564648293, -1.381528632883089, 1.2105372876004052), (-0.016293477927784232, -0.7347654723212937, 0.9103306554159811), (0.5878924060526357, -1.1689062415734217, 1.0091929464220641)],1409.212
[(-0.10109025409238395, -1.2269537341099104, 1.0755605429438677), (0.15152925067581852, -0.9836156902673531, 0.294438455112197), (0.0029372914432959736, -1.1561326668956258, 1.2080526702072871), (-0.35330421188806593, -0.6535498513349407, 0.9815074976575383), (0.3735307712572132, -1.0727546528527137, 0.6600482470887719), (-0.46615774690741496, -1.2042841067408285, 0.6356852676079707)],46165.028
[(0.4770285563209723, -0.8686600806880588, 1.2669645793431497), (-0.3022811463715599, -0.7203919802292958, 0.7768849301787556), (-0.04278788846963103, -0.7583753252986898, 0.6779833141718772), (-0.03955338092593011, -1.2324534126489046, 0.9390338053655383), (0.17319370007620155, -1.2750078355802898, 1.1411305118259152), (0.5907534105528629, -1.1507110621775158, 1.206338303726886)],6212.55
[(0.32785272236887725, -0.7064831042596003, 0.7268877258090831), (0.3269182609405243, -1.1452060096613645, 0.9671911085019781), (-0.08196099181175416, -0.7698754021097924, 1.0409051292582856), (-0.3565580162569284, -0.3914397882332724, 0.9424301802765663), (0.566046577594183, -0.9911818386466615, 0.8569440266222899), (-0.19801114281261556, -1.3945310671051527, 0.6170945349238823)],5623.984
[(0.2650424656498259, -0.9567157419976458, 0.604167046451697), (-0.15211654875208502, -0.8320581498875631, 0.6878844822820314), (-0.26338530101566304, -0.5818147620549647, 1.1888133501735474), (-0.015826107203470982, -1.2462918567720704, 0.9140510138333825), (0.626657044395168, -0.6711259376985312, 1.3109206180537876), (0.5002682343154327, -1.1535404403742415, 0.3634593791483488)],17398.258
[(0.3704863818881182, -0.5196342992886875, 0.92722470540136), (0.35956728783473346, -1.3030778434546517, 1.2841716844400977), (0.024932785936673047, -0.6521388804515582, 1.183108280121768), (-0.3002842526492049, -0.9895789500827182, 1.0688761801519475), (-9.30097009869341e-05, -0.9886820905995714, 1.4793946423927782), (0.22675192670104927, -0.87137111441494, 1.249443911691298)],1387.603
[(-0.10258258705834662, -0.5441637777904996, 0.8628515548075856), (0.5674390234268207, -0.9392805884604883, 1.542873750855529), (0.06358589650195035, -1.1387682385138824, 0.9992890419498766), (0.01331906857143384, -0.9714156508852669, 0.3535889071313928), (-0.3689389398255926, -1.1476384888039122, 0.5392735809964493), (-0.468643056902905, -1.4198054939031133, 0.8419682019829873)],736.579
[(-0.021343156359315836, -1.2907412490461612, 1.05902380625448), (0.672923447962423, -1.3711192505887122, 0.8244471676535626), (0.161937414617633, -0.9965526892268839, 0.7079890723809525), (-0.32214894256210863, -0.9772776364535122, 1.045516482177232), (0.2035040528160258, -1.4134340468888034, 1.8578280169283454), (0.536119204224169, -0.7425944971312115, 1.1286462662088448)],744.964
[(-0.17930234384120983, -1.1973111848331244, 0.7259359010845806), (0.37330571544211444, -0.5396626333969223, 0.9700964109432008), (-0.264628574854402, -0.7257835003608728, 1.1033158156676224), (0.7850703849074755, -0.3419034531579135, 1.5060310776027996), (-0.0022820877828969516, -0.7271462798531935, 1.0325000533188933), (-0.6771587802486289, -0.7573236355810242, 1.0365472123370822)],3569.862
[(-0.18042277284667624, -0.9010496908529675, 1.747209429359018), (0.4252069528731115, -0.5170040903925184, 1.3412606258606623), (-0.4794375287447906, -0.8559784622422675, 0.7918998540021112), (0.7650031745734314, -1.0641572077509447, 0.7637878171342897), (0.6413477241401376, -1.023940162342063, 0.9948373438741025), (-0.17252512079903481, -1.2283761001181728, 0.8013878595389049)],9143.658
[(-0.1186500634327125, -1.119659345579679, 1.341754961452079), (0.6805831555264674, -1.0020219612046048, 1.0981041545065553), (-0.05696864981165289, -1.0599389342513472, 0.5961264352302016), (0.048538191752708626, -1.224356628463314, 0.6545695572275474), (-0.05740074581274118, -1.1689427824350562, 0.8245452167579537), (-0.06204965119691675, -0.7779208344795954, 1.1046507350827783)],491.593
[(-0.1598399991395328, -0.875643471460907, 1.3029229294604854), (-0.19477014560370545, -1.1122883488629733, 0.18230851453033392), (0.582850467560517, -1.2814010882241094, 0.6216881733412072), (0.7222252034498281, -1.3474435816846346, 0.8338802589376271), (-0.2046895640135071, -0.8082152338545778, 1.4049661784797893), (-0.02000860399508076, -1.1754751220449942, 1.0568716759955805)],3414.241
[(0.3648177249842621, -0.6386703011413732, 1.8193812448576052), (-0.06479505337839801, -1.1307045310368404, 0.8068762610444236), (0.9157247268212174, -1.1205259341866984, 1.0427396845770873), (0.21958560278359435, -1.0090105103196, 0.590173079718992), (-0.2587003378116015, -1.0038552121318225, 0.827621029261376), (0.03291627369000465, -0.4732575453610599, 0.6583215680650139)],395.709
[(-0.9874566477087497, -0.8662958554792142, 1.0620478818246566), (0.2102509051700796, -0.9693384882643922, 0.8155379933260785), (0.7066582799690044, -1.7969155521009426, 1.185475445857279), (-0.13904437037401005, -0.7525878164371474, 0.9412942203671403), (0.425896664158784, -0.5573220531238294, 1.3953540898026349), (-0.4541736345694314, -0.6471317613988476, 0.9425783464691317)],4779.21[(-0.16653124590196022, -1.0323588251245046, 0.5848023399939186), (-0.1202291244701244, -0.8465119903140852, 0.24410650594476724), (-0.47583987018811047, -0.866039019743283, 0.37902664415616916), (0.42709332811500794, -1.1934372992102207, 0.9523903933487377), (0.1774595856515756, -0.8260131024208077, 1.448392523623504), (-0.6177795387729518, -0.9875667795103348, 0.8032522877387066)],nan
[(0.05864278596969791, -1.0453562499981475, 0.969151658039965), (0.28266125434512007, -1.7532994111194293, 1.1251076611930466), (0.07794258550447522, -0.9617739274083067, 0.27313023572507944), (0.4231458600704766, -0.3903595669162534, 0.9253476375232867), (0.3652268251017429, -0.8900162769604375, 0.9730465736877485), (0.46500513933643733, -0.8468136592252233, 0.43867976046286106)],5.646
[(-0.0610158441218914, -0.5537704828056691, 1.357242653049299), (0.3565153335543189, -0.9421470350587839, 1.078467500939704), (-0.5277023763756212, -0.9343642198723879, 0.42174216783748764), (0.6625265458222342, -0.7295566404148541, 1.330162917127071), (0.4374009251107097, -0.9810110363096881, 0.9573654418319737), (-0.13631845171249873, -0.8408416352262209, 1.1312440435765825)],9012.63
[(0.19169771777402617, -1.1642376780177983, 0.9311378579715632), (0.3899959477654158, -1.0910158668295917, 1.5386809992183685), (0.24109146676858415, -0.5331069115557547, 0.7331935985922937), (0.2371517489986561, -1.2119399761114091, 0.6414164367588822), (0.3843855291231392, -0.6191130636195947, 0.7882236435090599), (-0.028741147196168867, -0.8921089101355458, 0.6508072841544221)],5.645
[(-0.23831149418280467, -1.5795667963983242, 0.6994498413431967), (0.3003180151583876, -0.940658223714944, 1.9156862057735535), (-0.21696041998806997, -0.9410495994018647, 0.9265279464055898), (0.7352518032161464, -1.2804999006203972, 1.1420117113896429), (0.05576911423462888, -1.0070541020085253, 0.8847728652192974), (-0.1552111006950546, -0.9582314410226831, 1.2166060902332465)],4602.078
[(-0.1937073041519103, -1.372749410465459, 1.4330525588335277), (0.06757421320909074, -1.4631880784118974, 1.0754990981845647), (0.03745873831535959, -0.8292607036381993, 0.8029576509166142), (0.1889626959524226, -0.29030121173219203, 1.1541204420164106), (0.5257402628169378, -1.2611220643742318, 1.108093769806949), (0.11850497215853976, -0.7666250368264896, 1.1214066242095004)],11111.453
[(0.02794587846304021, -0.8490671734771712, 0.9770022821971301), (-0.12158207581829528, -0.45568325701811885, 1.1309811350496053), (-0.2523415639757699, -1.0662279124487257, 0.18259489935669648), (0.8507813447833685, -1.0246388640816366, 1.2809689168120109), (0.15220285058686842, -1.2848684295407988, 1.0008953691449338), (-0.5848607177483969, -0.906453334709657, 1.0391822671409197)],8271.254
[(0.21852336223224206, -0.44587270278437396, 1.2288856322457231), (0.3257719433932952, -0.8260451353736225, 0.6710104897105542), (-0.09974779993589616, -1.1804153557783068, 0.7293014822210109), (0.6586411336745281, -0.9761812104961425, 0.7400010539988735), (0.3117517353522489, -1.026530651388772, 1.3233805018633582), (-0.278572333331045, -1.289629217501497, 1.0388923020361875)],5.645
[(0.25548392935323194, -1.0374696007144262, 1.284189983518488), (0.6586160460946845, -0.9902446459953601, 1.4342012783209954), (-0.8046313792122787, -1.2185316362914755, 1.2834167451130645), (0.1458873057213076, -0.9493246483719157, 1.2249268907242066), (0.6734870977042133, -0.7334863783250785, 0.7989076253316847), (0.5462993887621369, -0.8922884553316002, 1.3741857451846946)],7909.602
[(0.5855085495512843, -0.7637279304380417, 0.5348907140443864), (0.2994915917536974, -0.5396435057438331, 1.5225081070193929), (0.31234566610678094, -0.4410900959462464, 1.321913306391033), (0.3682116613574107, -0.99713372194432, 1.2229728462253655), (0.37037225318086997, -0.664161415660628, 1.0357318661273414), (-0.6267227195309518, -1.0897134698671196, 1.1902232348165287)],5.645
[(0.3612457091392973, -1.4334683162812323, 0.4881781139055962), (0.4036100951134352, -0.8150350440831593, 1.3045736937520134), (-0.47695037417741293, -1.1246915887100852, 1.0879525213162824), (0.7896129380905386, -1.2273573847722545, 1.206778106717307), (0.3603722064050545, -0.46523962281614684, 0.7019825645125257), (-0.48723782095278245, -1.3268527790923574, 1.162874242770303)],5.646
[(0.16535004867652572, -1.3827173509448873, 1.1852114736689416), (-0.615649185985246, -0.5823451757461344, 1.1507826495536848), (-0.4382414325414667, -0.49445635535612376, 1.1679922360573953), (0.13864077618813875, -0.9868674055986831, 0.9798609276297252), (0.2984468515541811, -0.9016944243141289, 1.1548832518539238), (-0.7453439525729486, -1.6045367789391336, 0.8139783810486249)],nan
[(-0.14706663691475258, -1.0431681247285522, 0.6428165538887949), (0.27931948618366925, -1.1766082063420527, 0.5473425664227706), (-0.4135873853121411, -0.7410591131246596, 0.5711478597073023), (0.445801922210854, -0.3884086404175292, 0.6726276421357387), (0.5290164511772805, -1.1929978592858317, 1.0714386103154316), (-0.21871169913944166, -0.8726142424971761, 1.1975558374168567)],13615.239
[(0.000995020668454416, -1.2015311756519942, 1.1391529064622674), (0.7374591589543582, -1.1310186713660821, 1.26913032557935), (-0.09695182725744464, -1.9949018605632718, 1.0396102864752146), (0.8790773169666669, -0.9684469495400017, 0.4706394714894523), (0.6677702413637291, -1.2181042692751078, 0.5269151739647884), (0.034373362978682945, -0.8298506048074623, 1.0468081115781656)],53.448
[(0.2694206150512517, -0.4253879005690767, 0.6375878065054768), (0.12452100471610736, -1.0329444382371102, 0.9514975787952136), (0.49376071978375635, -1.2181097165144519, 1.2191216575235069), (-0.2543772429482555, -1.213661248128963, 1.4393556129450553), (0.5133178178756332, -1.4275965255670038, 1.2534339203741454), (-0.010467963909899255, -1.37105670185031, 1.4990384294394206)],218.212
[(0.36221915327079535, -0.7605075492423728, 0.2597227653329429), (0.7238324523344268, -0.8561395891453656, 1.0622686938944663), (0.3704165577288827, -1.0586587383943107, 1.0587483311447217), (0.825085538630842, -1.0939674593786892, 0.5923426676286816), (0.10413658928682196, -1.1707543179544802, 0.7979600862765989), (-0.4242935727388274, -1.361477997313194, 1.082927419064219)],5.646
[(0.24062293775059818, -0.6437365035754067, 1.1009212412692726), (0.4792489218034821, -1.3971734859282288, 0.9513129203716588), (-0.73393006211708, -1.3542114186316045, 1.140671785239652), (0.27823242973121876, -0.9862864154552099, 1.3482371805859628), (-0.029979227197614533, -0.46660503347621307, 1.2143158062098387), (-0.18056510145572918, -0.7074109816404752, 0.7893308311623287)],2663.492
[(0.37976317009978167, -0.8445445487109315, 0.9027190167588404), (0.5875595846646429, -1.0296052842003114, 1.043179358117275), (-0.3684665935479339, -0.7093340550025806, 1.1027697965853807), (0.8196933750469471, -0.7627822420098354, 0.8216819053763401), (0.5560313612455783, -0.9722792628901059, 1.1271928957231991), (-0.1687327038229416, -0.9697347173964448, 1.0301840997897267)],5.646
[(0.10293664699247174, -0.9852851845902765, 1.5790936481984368), (0.3406747376695684, -1.3262834142510878, 1.2190682137602076), (-0.10459962469879619, -0.9231071716546251, 0.6403830266829674), (0.4888993872084876, -1.49691628992397, 1.2483453837422642), (0.74070605963205, -0.45724314500091845, 1.1571084525375483), (0.006525787969395608, -0.8925682791552775, 0.7459569787972715)],5.645
[(0.27360565599353787, -1.204112845307872, 1.1601194918516586), (-0.12822186470988078, -1.2511830626719562, 1.252445721477094), (0.19200445762276122, -0.8033162933344735, 1.2513060857553935), (0.3981818580954354, -0.9206512087257188, 0.9971570509254292), (0.5485235844273502, -1.036612049947584, 1.4541495224046437), (0.04347131645665372, -1.1848408470886866, 0.9665377619847729)],5.645
[(0.33702053177014124, -0.9110792200255533, 1.273712965983996), (-0.3841154332152636, -0.43197453946872066, 1.5109134797843053), (-0.308772131122948, -0.7819692221888861, 1.2383914486156968), (0.5621960214176127, -0.9646401998967491, 0.8471310297837442), (0.26937194665545694, -1.0906949057671678, 0.9530883221798789), (-0.34650224312550376, -1.202894576187307, 0.6656911384901243)],9099.471
[(-0.6362898916308293, -0.8729644443170544, 1.480109356743213), (-0.2002044821549787, -0.5679360284827468, 1.0250065784531377), (-0.5750505763946595, -0.5618865734128211, 0.7518278389177909), (0.3406161084074383, -0.551768372039918, 0.8545096923590115), (0.43114262629877104, -1.4121945150266333, 1.0584369296632907), (0.15051932294857714, -1.1231623611692434, 1.3667855188360627)],nan
[(0.18332193786196155, -0.9241148793239767, 1.1535002053282561), (-0.008797077330028935, -0.8116634869088448, 1.397579802470031), (-0.12550600692576686, -1.222157585180487, 1.0044274331685563), (0.5960836434316854, -1.3393760200950815, 0.8850151708187691), (0.7950982558268207, -1.1580887733145928, 1.054199580659595), (0.23752226064645732, -0.8954290897216793, 0.8993107170055581)],5.645
[(-0.06623844552507319, -1.198902133265755, 0.693381572523565), (0.341252259928189, -1.3290863012534684, 0.5617225428706154), (-0.1392751329297048, -1.027559308822084, 0.8078135330034322), (0.9623511086971405, -0.899639093583219, 0.9119315768604231), (0.29490327087530666, -1.0465652589507335, 1.2284868866495764), (-0.16343447538428804, -0.8438598403755062, 0.643405598321005)],3950.401
[(0.5176167728597236, -0.9468613982455272, 1.2338388752058298), (0.7436474566894489, -0.8827839184451794, 1.1733414127677848), (-0.23668826346288038, -1.1461354259068766, 1.3513266332047569), (0.5218702282056981, -0.7339285029850717, 0.5997004662345942), (-0.2558628429280023, -1.437081258842008, 0.855875805952111), (0.5110175647439404, -0.8996696324593599, 1.3282694061541465)],255.282
[(0.31043294232724694, -0.9924077111036747, 1.0995374468948877), (0.40724669290876003, -0.8765711345258203, 0.9578340199559334), (-0.7717334415092422, -1.1623928545784947, 0.8623691537876257), (0.9416178345942952, -1.0213669773031862, 1.1837431364728332), (-0.18513132057111892, -0.794265936253704, 0.5674964838847331), (0.6738336825570261, -1.1074131110955736, 0.33221975712251894)],1430.168
[(-0.14417609337363835, -0.9296319938877047, 1.018355567820639), (0.12357495862806092, -0.8827519214943959, 0.6741874876648355), (0.09190313022836291, -0.8536049039670921, 1.1571230342587842), (0.569827016172845, -1.3893522045791058, 1.3323402579132722), (-0.17795644418433598, -1.2174820345913677, 0.6551655347632122), (-0.0985324163071876, -1.388973141390196, 0.8345180659653797)],2949.531
[(-0.19689063497239412, -1.8298963249617954, 0.9891488574474968), (0.05090101132156444, -0.7272023958344049, 1.3713210799122124), (-0.5218943982059081, -1.4569599072995258, 1.0402250375863613), (0.8878048784717457, -0.9868169764560462, 1.4561475605308614), (0.03601970177323255, -1.5399601614279719, 1.3252137545665736), (-0.11960877255109269, -0.7612384214950135, 0.9393562541656879)],10040.237
[(-0.07203674446120534, -0.6001418728334775, 0.8829522668657953), (0.7556454004075993, -0.9699769917366381, 0.7891160189746668), (-0.44677806509760176, -1.1183681106704229, 0.45071456222198314), (0.004795099825544269, -0.8667263093819272, 1.0485088475174527), (0.20854978896905807, -1.4084523197303878, 0.7193023109386372), (0.31026839058313677, -1.627792224697052, 0.9173217405925514)],2762.343
[(0.07592152162281682, -1.4349073508768506, 0.6124838057159426), (-0.06625288976578886, -0.3677991164229232, 0.8141998105624135), (0.010309060288851896, -0.8994993971187033, 0.5072303020961555), (-0.04342180343723634, -1.052656993189761, 0.9955621865057832), (0.31822179527380845, -0.9141711223505379, 1.2851173823665958), (0.650429476467172, -1.0098737924920222, 0.9252909965855606)],17392.838
[(0.40233434636565485, -0.9166419865827279, 0.9789885490343835), (0.7917287384882594, -0.9478964601190574, 0.9890548951975859), (-0.5732398327253079, -1.3939305198659142, 1.0792897541605693), (0.9711777719478312, -1.1681409658744895, 0.867593820809879), (0.09821313972975032, -0.7645668410054336, 1.0635010198543635), (0.323189136930347, -0.7210256754486111, 0.998563295854422)],5.645
[(0.7942711530679069, -0.9697758819015819, 1.1355718635882903), (0.23967361083900268, -0.8861628870138826, 0.4524715824080877), (-0.2047525987443791, -1.1347618944373528, 0.9773835032535818), (0.27208160997186653, -1.3559995258125275, 1.0013322408912684), (0.10714360957419722, -0.8343963664561889, 1.0105114142846818), (0.5993162430303584, -0.6387813839310599, 1.428879271712117)],5.645
[(0.3240438830361674, -0.3494809871380149, 0.6661610884541249), (0.840939026987535, -0.9230009410992527, 0.9810100013898837), (-0.9545390589720322, -1.5569170593717325, 1.9334196348365067), (0.5055915456859829, -1.0131492600963514, 0.9683387546628852), (0.5466708170084738, -0.7706858277750294, 1.2973771218839865), (0.6852778816809005, -1.0859248557334424, 0.9613675752948379)],5.645
[(-0.015371832953022774, -0.9021520901711177, 0.9904338309817017), (0.07678281906862885, -0.8442643311622355, 1.226181830826421), (-0.10768265576487983, -1.1244677807114272, 1.4787783553461267), (0.3827722318543142, -0.4753378210775079, 1.2778603107119564), (0.46510895702759975, -1.1714577503284664, 1.2565451346505752), (0.5456327525068204, -1.4209076043926063, 0.7922509015536745)],9394.485
[(0.08053185040252735, -1.1685596788429025, 0.9567587890468527), (0.770510644038261, -0.985741074741012, 0.8176327641248532), (0.09655988262858031, -1.3593001305486512, 1.1964340816422014), (0.13282540590110686, -1.0517591193874343, 1.2042997285622448), (0.10828299206317837, -0.8126864856626812, 0.776785885250926), (-0.0032855947871798553, -1.7109605237109076, 0.7370558094943984)],5.645
[(0.4212413907845844, -1.2010453007701676, 1.1107491424596219), (0.7022717402221752, -0.5847107458185032, 0.9351549816927797), (-0.2873435521082049, -1.514955669462696, 1.017404130601113), (0.828826223289409, -1.1132196222633837, 1.000441890543324), (0.21564673499734996, -1.0703887661824678, 1.0559020852190872), (0.5229411083061529, -0.9073756734365991, 1.0618602228211933)],196.267
[(0.27735335829824515, -1.3086135901037736, 0.7576852339651577), (0.08470561346682179, -0.9542658478214435, 0.8101049588307935), (0.7370628096172677, -0.9378755579086514, 0.995524332675126), (0.8369103574654988, -0.18743198758819235, 1.488884389030301), (0.9247104394970773, -0.7501176527697561, 1.0369514307520808), (0.19650881578475232, -1.4897373878920233, 1.4810831404034361)],5.645
[(-0.028585797218451864, -1.0883119488856388, 1.3515142779799878), (0.27240130417547753, -1.1883394509870582, 0.3792611406582357), (-0.5504581498347582, -1.2477600433013136, 1.181665148355102), (0.1111433844725534, -0.9662345337843774, 1.4768394532261995), (0.6463804817527943, -1.5525649804111965, 1.028672397476393), (-0.32343736909749266, -1.1643456448134448, 0.4891611614740259)],24273.862
[(0.41736648841685847, -0.6239890554819514, 0.7017509554801225), (-0.04233301363783376, -0.8836574079164198, 0.2129063499946715), (-0.41548056616294576, -0.939633019253715, 0.7532358421015697), (-0.13371062041021742, -0.8542521499333893, 0.877844195390434), (0.03841044536519944, -0.8189587059682834, 0.5012344527261874), (-0.4376403568863395, -1.1294409628792885, 0.6410406531448543)],nan
[(0.24967249654584533, -1.05196026593657, 1.0597897271211545), (0.7046200648003325, -1.0931499394957735, 1.0988793377462092), (-0.1817350736274853, -1.4209665231809467, 0.650675351577265), (0.8036881444194778, -0.9563931835838015, 1.1795877935370669), (0.8334447619093003, -0.49387121507773013, 0.9347956717019029), (-0.2481810729788595, -1.2082181667520442, 1.3449011822535515)],5.645
[(0.12559718515149143, -1.0953357970956779, 1.3805725691243103), (0.5380255947053253, -0.8503086169567377, 1.1044147893715304), (-0.23814573522683816, -0.9991514033493352, 1.1664821814060082), (0.8387156901041013, -1.0609086886083026, 1.1175300890257092), (0.39667822494966765, -0.7838559713673382, 0.7096933510128922), (0.6453803985350031, -0.9623960222150912, 0.9882834303424035)],63.778
[(0.028886726920566166, -0.9726279188971687, 1.3338260455031636), (0.40790291348886615, -1.0936471952750333, 1.1094469846402097), (-0.20230434627346713, -1.3344189528556598, 1.338889655292392), (0.668566393395779, -0.8463916205910047, 0.8055177046134704), (0.3366391827938741, -1.1982820822933007, 1.0212161973622056), (-0.2430256260570014, -1.2836945924013374, 0.7172293515168119)],357.37
[(0.3329168274818172, -1.204702245616273, 1.3003207899725822), (0.43988252415796336, -0.6761925568583284, 0.3805184413001631), (-0.7350817202748539, -1.071148746336134, 0.5553573831592972), (0.14716957686819693, -0.9009503321617066, 1.0537667122179537), (-0.05083590762613838, -0.8708773618200254, 1.2908000132287005), (0.20723988481083186, -0.7813658020703371, 0.8595052614497306)],3953.286
[(0.47886328456430566, -0.396948362233433, 0.7882200351694132), (-0.16288886332290536, -0.4834321898185817, 0.7115708533569017), (-0.45527945454068897, -1.2761138217481518, 0.8790206652220152), (0.7578910733839862, -1.215753104519045, 0.8271444615739436), (0.6456853933843258, -1.0283091020485262, 0.8594221313137903), (-0.028035695590336487, -1.1375176443513526, 0.9571215312910611)],7969.902
[(-0.3871540706888492, -1.006052931584429, 0.8886876481512745), (0.3302567998620048, -1.0987561441225404, 0.7541080011180128), (0.36867138896226714, -1.348496713778986, 0.7716003766239151), (0.18622128322306497, -0.796054817099532, 0.5862168823255758), (-0.0031194803396664694, -0.8801873411421325, 1.120129692280683), (-0.46228176628885254, -0.7883634897524023, 0.32922537518063466)],1679.429
[(0.03469863833434732, -1.2687222524089417, 0.9960567486889707), (-0.3789114279436398, -1.2303559479769306, 1.17840303012261), (-0.35369870887504984, -1.0786570916092053, 0.9638046885769294), (-0.0307897939567503, -1.1917106050045945, 1.283959430667676), (-0.2407327468066497, -1.1845215359714467, 1.1680184692391649), (-0.49476286185180096, -1.5727080489125576, 1.2690261466501331)],nan
[(0.10435158724977171, -0.8976954859941886, 0.9188290231919833), (-0.28328598570493474, -0.920876136787588, 0.8241693248145036), (0.30127730211789083, -0.8697037061315213, 0.7611083268034888), (0.7115180644518131, -1.1374726320713022, 1.0712185902413371), (-0.2933071986600536, -0.2909885844711324, 0.3928652942711841), (-0.01126668458397887, -0.8662091646755761, 1.079097430610997)],3676.125
[(-0.057893102652140316, -1.191793988818038, 1.0888957383000775), (0.5314922082105447, -1.5222949475961234, 1.1497796239239504), (-0.34438844093183746, -1.1468134889133064, 0.819512681653711), (0.33802184816110314, -1.7540987537279098, 1.1963785170231795), (0.11680622260095347, -0.9397057716610068, 0.9410768758602136), (-0.08841157271947077, -1.1730714837706275, 0.8541612207822592)],1797.861
[(-0.043964143844261616, -1.301196581359354, 1.101838546071632), (0.11578348700096502, -0.9086017591039843, 0.8355271786206127), (-0.44522106465411454, -1.1577989762159606, 0.9037855424683623), (0.386855125384827, -0.8429988245067633, 1.2175770743005059), (0.4514828103670773, -0.884163121750674, 1.2766991046905092), (0.17221315595682707, -0.8515893215063224, 1.404475668331141)],17570.452
[(0.3450665850239795, -0.8639628663569483, 1.2041628145989616), (0.49233886582745223, -0.9499568070295363, 0.9223766217483644), (0.2789034537810815, -0.5796948598829743, 0.6745855115966297), (0.15114225227790867, -1.0562883267413492, 1.3323536661161466), (-0.3573306319085059, -0.9383023994028087, 0.6031776023138397), (-0.4357599539401016, -0.9460979850029183, 0.6551413208499215)],247.906
[(-0.28782423346255304, -0.441786558038331, 1.2426150393568731), (0.5551132029818046, -1.1326479469048973, 1.0646288548247196), (-0.3237474590927343, -0.3708143833231715, 0.9749928455378516), (-0.3396556644635089, -1.12497296973796, 0.7479069004243606), (0.595781281064912, -0.7416606367398784, 0.9427134837548123), (-0.45235966391671556, -0.5795851383708146, 1.6080563155898862)],31644.413
[(0.45660283629961473, -1.2761761349217395, 0.6777712154354822), (0.269461874995566, -0.8669620733270151, 1.4124770813329575), (-0.06580499713722937, -0.7714950120947662, 0.35371138434512117), (0.9630534385985781, -0.9223205944302342, 1.2333367600218632), (0.4331303511298389, -1.2071380131430849, 0.439251912457837), (0.3616628060751513, -1.1916699611386166, 0.7295083249032999)],5.645
[(0.06739037876570343, -0.6772151831609765, 1.049541694204064), (0.40367541715830846, -0.9523704303369291, 1.8633919984069172), (-0.2708973758587, -1.196122384083645, 0.8058871298546034), (0.7297500401862034, -0.5258867449851831, 0.8555619616924768), (0.5952090531746638, -1.2160921052710927, 0.9916947743704041), (0.008121742151497958, -0.9201892791051712, 1.203247037156911)],5.645
[(0.37581978672128336, -1.0094860770663676, 1.3383214697292736), (0.1661401333559055, -0.778245062297182, 0.4062564076520724), (-0.10280710593429673, -1.2905530261648046, 0.36883010789765824), (0.40670575242580365, -1.1927783025801277, 1.1525528915146726), (0.39700661534107395, -0.9057923643692132, 1.358545259481689), (0.40841114865628814, -1.982717960251699, 1.3851866282598015)],5.645
[(0.7637893597271587, -1.7097765729896528, 1.359096857965313), (0.6507092361064097, -0.5663961223655885, 1.143855957428611), (-0.024571226056187334, -0.9601026300188267, 0.165117179795095), (0.3015362620647034, -0.7236120842057427, 1.5058104299821173), (-0.16197982180324, -1.3201195164111108, 0.646687187473945), (0.4890903901493411, -1.2255298225564326, 0.8552312929426358)],423.061
[(0.06745053618039858, -0.8269018168146415, 1.028616420350192), (-0.5957033172653956, -1.206068907877175, 1.2003750288794524), (0.16843650500793336, -0.7848884565732342, 0.9039327674647758), (0.03959890119813292, -1.2858743419424976, 1.146417629363547), (0.8864311420839333, -0.8845235971980018, 0.8710117414721833), (-0.025543568887423936, -0.3773153172154493, 1.2535715865403358)],18974.913
[(0.09383853358197136, -0.8375629683238407, 1.0562672677449967), (0.02636155205113233, -1.4501394136671697, 1.3369860982714652), (0.713140613230747, -0.797537776596929, 0.6889984630796526), (0.9272355567259551, -0.5772411042783936, 1.766012588563103), (0.07573624311552218, -0.23922718556433997, 1.2944775916225328), (-0.4031323741610025, -0.8253804094191779, 1.3228402651253182)],5.645
[(0.25068838448249736, -0.8585141002113416, 0.9659809204819423), (0.4970708900397008, -0.4822229396307668, 0.733764458744649), (0.1629468939893519, -0.9475758808964635, 1.1168569207985317), (0.2952901946552417, -0.42154461595774884, 1.2922544559454363), (0.4353182197585368, -0.5092832389276586, 0.5513106683129828), (-0.24343109395955237, -0.9847659885206441, 0.5790343281860231)],5.645
[(-0.5243723445821857, -0.7618630212670311, 0.8339554377222056), (0.5349786699935076, -0.9242001363786344, 0.9205552443398826), (-0.22586662472741809, -1.760369968275336, 0.8853085330338971), (0.9561257890172831, -1.165098360310502, 0.9870114607611703), (0.7251308114375811, -0.8108556928051501, 1.1561500361845631), (0.2614758979720316, -0.8835379172471343, 1.2271215337558576)],6967.402
[(0.43158550488744907, -1.2850499613652104, 1.2231066886217843), (-0.5039512835329998, -1.0736316095577372, 1.0758098614945), (-0.5127503191296198, -0.706937591703372, 1.0474032645982894), (-0.08738715335151048, -1.2161977164613424, 0.7722727715000149), (-0.12274069902491902, -1.1555376890053124, 1.2300375987346355), (0.05099724862060729, -0.3239423659069979, 1.1432005618935834)],nan
[(0.15881640036970407, -0.7765427582122111, 1.2791343434326765), (0.9049936114067976, -1.152109492760049, 1.0772023777232977), (0.28328891839559167, -1.5490496988255567, 0.7147924808663768), (0.4176649687221602, -0.7486360602223294, 0.6956591628940343), (0.3563203428301943, -0.7940275480175938, 0.7759775122657657), (0.12603789751940028, -1.1634813890085842, 0.8383966112350713)],5.646
[(-0.8053539880058006, -0.5367037784699442, 1.0606285798556543), (0.9249229017436831, -0.5624618123550589, 0.6873305743639546), (-0.3394247652178748, -1.6766160760538336, 0.6374674933713176), (0.7046599219684884, -0.8744815518715627, 1.4394324441230186), (0.5785389660594834, -1.007837738518054, 1.1202714838491195), (0.07961129327685115, -1.051518260717721, 0.9639644601575109)],6798.11
[(-0.153717197310267, -1.68738719579448, 0.9198313478929501), (-0.05151783290763301, -1.1693787341662305, 0.9510975743051769), (0.4713365051467412, -1.2258666194669299, 0.8499766948694036), (0.8783588176567458, -1.6695134483681033, 0.9516139713395135), (0.4233390758164212, -0.8291355814991934, 0.4674171769724551), (-0.1860187218976725, -1.0454434848195207, 0.8977122790555261)],4602.262
[(0.5611022865068958, -1.52466872173221, 0.9705661944577304), (0.10779664665292368, -1.2728897796305212, 1.2685027442133623), (-0.22744670223823812, -1.4370627522970518, 1.196540381528643), (0.3237880599573496, -0.9214457579209746, 1.0068995894633006), (0.21282820511957867, -0.8541532963434012, 0.9770235186351898), (0.09467689423222292, -0.5230866081871548, 1.1138794432629218)],5.645
[(0.3586427926940946, -1.393571444186505, 1.0131865885338422), (0.4263215511070736, -1.2643297813891528, 0.5971164906337962), (-0.10092277803035032, -1.0448818844430638, 0.9626147397589704), (0.731829972204576, -0.9332684785791556, 0.5777154225833865), (0.2919846000857244, -0.7785612380967031, 1.3233697227746317), (0.19811576762819336, -0.9889678211834088, 0.8123899962363197)],5.645
[(-0.29077861053457216, -0.514133075362866, 0.9447301075519167), (0.05208257354920409, -1.5829841579947443, 0.7792459316694804), (0.16977846969872987, -1.0261337093368368, 0.9375416572716126), (0.7639091510034535, -0.6253118119837686, 0.5569596487698469), (-0.25590857658792154, -1.196385082939966, 0.8599641121372056), (-0.20931238012164133, -0.8090450477708041, 0.5394198713788048)],3665.135
[(0.40871133325879155, -1.0136733146354948, 0.7143307134434818), (0.025867933380187114, -1.067179304403759, 0.9612007962230723), (-0.17107281416900003, -1.3811846489186512, 1.3674978536139712), (0.30076431980649054, -0.8715864852718094, 0.8231041340050045), (0.2722616362275562, -1.4037512351361525, 0.8185515239197477), (-0.5565052230058871, -1.337849228498681, 0.8433779079059989)],5.645
[(0.14818074426334762, -0.6779406606229378, 1.1798869587157748), (0.8187960756621793, -1.0122357978169532, 1.2085892134495053), (-0.3411361063433209, -1.1603176943095306, 0.7564572263139235), (0.2664200797980088, -1.192087151314592, 0.9241766703939607), (0.5511209610596575, -1.6558918792133634, 0.5602789483507056), (0.19822316623158664, -0.9095559710921994, 0.9075904395181232)],5.645
[(0.4194171324659238, -1.3580994485151863, 0.6133348159760803), (-0.14299396487510313, -0.5172096164858075, 1.3084945126947127), (-0.9404071907021879, -0.5871743618532925, 0.9192528148839378), (0.0744731116302994, -0.7941698831834839, 1.3696612456040085), (0.7770910859370733, -0.7860032578911329, 0.9735414319930893), (0.38245280131367493, -0.7585361862814848, 1.293186189364187)],15488.822
[(0.5700754650817836, -1.0151394822998434, 0.8387312106095268), (0.45045624784277966, -0.99229633018774, 1.0791306828772154), (-0.2107157235313009, -1.0666443919602013, 1.3774202813405347), (0.310987259592675, -0.3415523975802549, 1.2421918810139045), (-0.10848574380071169, -0.9886889961195123, 1.3540224429226377), (-0.5057560099071189, -1.5434568404865598, 0.758293327007413)],599.944
[(0.5145038911345654, -1.747584564526944, 0.5192171152061049), (-0.06911959516233973, -0.5354686186531068, 1.3035047641234627), (0.15093046387006867, -0.8869094565470965, 0.9679713094435588), (0.06636562947766422, -0.7332862422293025, 0.3012393395415873), (0.2738966545953664, -0.6941033109596406, 0.18612537239865745), (-0.24504960736305365, -0.6742290546041042, 1.2544880679348238)],5.645
[(0.24102207955842675, -0.7980375366747245, 1.2471166700558696), (-0.027199710095450247, -1.031869999898697, 0.8420977305558603), (-0.42084126203084404, -0.9495208023498763, 0.8832194386577519), (0.8809344909625079, -0.9681946942295464, 0.4894186939955152), (0.07627032204361806, -0.6826252923356078, 0.6214512449212288), (-0.24040947157935066, -1.3819920151106202, 1.4435829848741932)],5807.355
[(0.07438661132073601, -0.8920903261502118, 1.0633865365147381), (-0.0031739093723268663, -1.0212363356689849, 1.1734694714925027), (0.5700021525985249, -1.3191497815852058, 1.070407489044088), (0.32887459889477855, -0.9628236663346091, 0.6660949988858154), (0.6953586242462241, -1.2694733780921412, 0.9148444307349037), (0.30357365685889337, -0.8943711626675882, 1.141420880066734)],5.645
[(0.09574392453697302, -1.1372258336216872, 0.6686516615769627), (0.49356858514046265, -1.1823195498055183, 0.8595374148444801), (-0.38524134032384716, -1.3743573763195247, 0.9497397894321145), (0.26710265106657627, -0.8239746362777961, 1.1665655247542055), (0.4251358203198562, -1.0145455854842376, 1.0532548521668692), (-0.24333538772438273, -1.0122135999095743, 0.9979773811577389)],5.645
[(0.19848833032350685, -1.503269149834388, 1.2827401956258906), (-0.2650688436544126, -0.9045052692096558, 1.4389201684822794), (0.3264659957331403, -0.7332678484289428, 0.6131612108506518), (0.6181513827449931, -1.518372355643124, 0.05683463635035757), (0.2349114853524763, -0.9440057568983157, 1.3348143705046298), (0.52523151317912, -2.0122539362766396, 1.0285974687296444)],5.645
[(-0.8024001507987443, -0.9556432598164732, 0.726905692822951), (0.11253046883466092, -1.1087551583223403, 0.7158095410432288), (-0.5050397925850558, -1.3804217481762306, 1.0879524344884604), (-0.02859044958541801, -0.5580506863855691, 0.9301656169068598), (0.2587135153368946, -0.8738254786168247, 0.7577138801862524), (-0.32341107185748297, -0.28414961306837505, 0.2248240132635716)],nan
[(0.6311042499482374, -1.2297801820202539, 0.9291182399811421), (0.40717159767043964, -1.2849944152207966, 1.425365335435012), (-0.41562404023473276, -1.10665527913487, 1.2539990509086778), (0.07671344627210469, -1.2594692949517676, 1.2666674566597744), (0.7911861979115082, -1.0225406944878819, 1.0018946478584003), (0.12083518863575406, -1.1957399824317336, 0.9107368447360614)],5.646
[(0.7576244131996415, -1.6484934679213104, 0.7645363588336305), (0.3679703753195199, -1.1882210622333156, 0.8562131676169085), (-0.25564776602268086, -0.734133063501955, 0.8856543083793627), (0.08914910811945564, -1.14521118088122, 0.95185342836795), (0.38000162620698064, -0.8129958494508086, 1.0028901239357715), (-0.2765584034529486, -0.8615218281659487, 1.1844418890081687)],5.645
[(0.1115673647761722, -1.177389068133317, 0.9701046105826012), (0.9644983340744344, -0.6404631953147422, 0.5880392790869322), (-0.06431725734149119, -1.3977690516318686, 1.1478891282035928), (-0.24424732631682355, -1.0944209126120472, 0.5128844786503782), (0.18885234503716863, -1.2045598194515916, 0.966764827582674), (0.39038223284953055, -1.4854210219100012, 1.426481193453695)],1075.402
[(0.4174401207187175, -1.0452752339409856, 1.1779326329270838), (0.33584713939233085, -0.9527114198426491, 0.7454587073763173), (-0.35938089555432606, -0.9072966995224373, 0.4751356103150137), (0.6356614377172283, -1.5679262247411465, 0.9956449467844832), (0.5438936998888781, -1.3978823271986678, 0.4531746318030305), (-0.6449304035269016, -0.696124875249188, 0.7468986816699466)],5.645
[(-0.0573045746209952, -0.8359158904483874, 0.6480796739718847), (0.4096875188981677, -1.3197435642714985, 0.8731322074585957), (-0.5130035309659626, -1.0220113023707216, 0.8973931412743341), (0.5082190163693537, -1.0209666567772155, 0.8890021923108519), (0.4948640590525945, -1.2600766984376532, 0.6741829491121613), (0.08988256205982605, -1.0104767522591747, 1.2530894658905334)],9376.741
[(0.337019688268526, -1.0405756524176435, 1.5191966640715608), (0.6108116960951794, -0.7042572590736944, 0.6494039030874685), (0.0345454949950936, -0.894734603981118, 1.142343433444626), (0.7580062152271383, -0.9115254028382344, 1.2653814245454185), (0.5717693542943147, -1.1598289932184402, 0.8969512666841901), (-0.7816263298142756, -0.6425154984494874, 1.0795442287548427)],249.123
[(0.4822114913820424, -1.1347700435695698, 0.6380311406624475), (0.6518619958570423, -1.1402084281251055, 0.885181552436117), (-0.06252255325118139, -0.9625913041996931, 0.8743610052801635), (0.592968657772881, -0.732031893454765, 0.8541226432072264), (0.8218510586954278, -0.9158588024664108, 1.641163184689736), (0.109115180010095, -1.5727243369811603, 1.3239312467683357)],5.645
[(0.37847459246482706, -1.2755104875852705, 1.03082467328818), (-0.5724844027307718, -0.9172119403667552, 0.5587497693806813), (-0.10541167401087, -0.878034997666588, 0.45534618121790427), (0.2832977334819387, -1.237630041287488, 0.7237876376874381), (0.4179210675874711, -1.1811445968421648, 0.9433453017391082), (-0.38843724294069104, -1.3074332756463445, 0.7991351444557215)],11786.48
[(-0.12260212332288956, -1.2307571084124402, 1.3888210337655769), (-0.29659294571716105, -0.8788653713850856, 1.119881491324947), (-0.020184050721989533, -1.1010164982836133, 1.0473366732022584), (0.7723077508266925, -0.977772046269307, 0.580563216955435), (0.1030282279620095, -0.8051925793356485, 0.8009484462482509), (0.01331593473964808, -1.0725540729947987, 1.2027642002236625)],8649.125
[(0.8741809908725271, -0.8084288698444417, 0.536538630470683), (-0.19298271026777508, -1.006679105741852, 0.9593366625293295), (0.009078661684146755, -1.8482788536718178, 0.47769743974770906), (0.6062191594218895, -1.3455522816997252, 1.2709334221766626), (0.8980174435244199, -1.0653311318083127, 0.7538688165704015), (0.187610448637138, -1.126943934237056, 1.1380872789314795)],5.645
[(-0.293869547982831, -1.1573299433894373, 1.2535921575590383), (0.643824255163788, -0.2999087548254844, 0.7071040602083989), (0.49296167381152745, -1.3198191173538039, 0.8471139810740869), (0.223075772149868, -0.8437669469348409, 1.1443619658203916), (0.29923022243084857, -1.2869267463357188, 1.26319553785462), (0.6207770213916511, -0.704379255268418, 0.48570591409825314)],1552.979
[(0.3023303723418973, -1.1017966840453466, 0.5200003641622046), (0.29875567207505055, -0.7496163325115667, 1.608075365069821), (0.011820411123928287, -1.0352454276498058, 1.2744444629142642), (0.31291939428713067, -1.1784386454120597, 0.5023684985052168), (0.3213635708934913, -0.8694379889455239, 1.0723759695767954), (0.5744516739434912, -0.5729849234626865, 1.0494003807226782)],5.645
[(-0.5092032616330563, -0.8509350834047736, 0.8036453024580812), (-0.1600226506246054, -0.7830298629792032, 0.8299972489631495), (0.5662737576419082, -1.0944786564511704, 0.8413694821077657), (0.22519722616070886, -1.05898204832937, 0.6540359767331144), (0.26656316756651033, -1.33327367743391, 0.7439407808865414), (0.6933309907620819, -0.9273390355079734, 0.8684797057287635)],5241.88
[(0.35368557279045054, -0.9508093294319984, 0.9666286272595863), (0.49585166766189803, -1.0823159909373832, 1.6243651214377157), (-0.4560092341475246, -1.0020815208114215, 0.7143099355811175), (0.9222630722071508, -0.7384434347163336, 1.4919508856481731), (-0.36041482691614546, -0.8151354702659355, 1.3087186346461275), (-0.43475705358721717, -0.8754165051874182, 1.336516291848453)],386.565
[(0.32497326247989045, -0.7903415530179544, 0.6302270122104892), (0.21025480650628864, -0.7680519366740817, 0.1870857798226141), (-0.20813766230501246, -0.8235424698219405, 0.8960721396518708), (0.2046271744686956, -0.6765483687595213, 1.4083075810513923), (-0.37382767488398916, -0.7843813118682706, 0.22847121181641883), (-0.0018376396366567831, -0.9748178017827527, 0.8561288214701916)],2242.133
[(-0.06962949816636879, -1.1870427112908177, 1.4972770632533239), (-0.24071050700241609, -1.1458882287942633, 1.4143709835782738), (-0.7747342570328404, -1.2019272950882203, 0.733241419075698), (0.6522925967050448, -1.0923958586020985, 0.5835611133967276), (0.45706043363886745, -0.6262891717701966, 1.2370265896123187), (0.16049490976717085, -0.763401187003125, 1.0844370416046452)],nan
[(0.5519114735783713, -0.9704460464855538, 0.8629925359519274), (-0.20222955539651316, -0.6384466283370003, 1.183146001638979), (0.30710397238165854, -0.8913492336171849, 0.9067688606834291), (0.2629872984732791, -0.63486846332079, 1.1286710631386498), (0.6309572843648721, -1.1207317533850336, 1.3339293367041636), (0.05751313455843981, -0.4458633958208317, 0.8671636765452638)],5.645
[(-0.2292460699605111, -1.0289082670579457, 1.1584395465942494), (0.8152702635758271, -1.0000911801578507, 0.931585228893575), (-0.1980320266771469, -0.9100094360774098, 0.5596134916241151), (0.6451629612634681, -1.2662079630504197, 1.0174648654225373), (0.053212900614952374, -1.2105456733821272, 1.089023818670724), (-0.23346087954356973, -1.3119715023921208, 0.9919243258227677)],1288.266
[(-0.16903527515651573, -0.7107782521555606, 0.6184609169856728), (0.4600575499963131, -0.9497062275097896, 1.1940776452431794), (-0.027373618994122773, -1.100163480443475, 1.4671383465485546), (0.6961295280687512, -0.8016909005342171, 1.2014297651997248), (0.6128854548439786, -1.1872899815019584, 1.7633552337810574), (0.24615115321269998, -1.1012926890583765, 0.9960096800463153)],4882.009
[(0.08380866325778472, -0.7994400143030757, 0.6513847726392465), (0.26045409516422924, -1.7215467466653527, 1.0872893036815918), (-0.05318301791661692, -0.48461013454734336, 1.2769143459518042), (0.7049865245058949, -0.8823005363190428, 0.9343857663475111), (0.09097760806658445, -1.0787876342186093, 0.8708975506858545), (0.03928152821187729, -0.6093746113038141, 1.0078424802246952)],5.645
[(-0.40485075664683223, -1.3553376690833314, 0.7446095393630898), (0.5075326367042705, -0.45664995505905503, 0.6657809255177829), (-0.7063441602237205, -1.027139163414405, 0.9940706980429395), (0.609080214619975, -0.9627434426528555, 0.8461754181447325), (-0.07594859663424758, -1.2342665967479218, 0.8210596245732104), (0.3659216787612982, -1.112726623762999, 1.2276896850244343)],nan
[(0.2025324465522298, -0.4956472776034767, 0.9597306751246496), (0.30596145069447817, -1.357454214260424, 0.46139424037966703), (-0.5601610679114388, -1.297952783552005, 0.9799685243776741), (0.4843627374931847, -0.5097778444113811, 1.3666893061228027), (0.3946639922653486, -0.7166906900897348, 0.3724178951737678), (0.09952477273056913, -1.4979485388368885, 1.5853592982293332)],5.645
[(-0.04905025802838425, -0.8913074326078343, 0.9062071268343909), (0.8047675514672243, -0.77450444786433, 1.0047999684570743), (0.3760992879608106, -1.4782413377868295, 0.6379779305048611), (0.5541987361603719, -1.212833246305704, 1.0705697866015087), (0.06813350753422565, -0.6393886287730159, 0.8802670271144283), (-0.39538612086149216, -1.4069711888346144, 1.0169430246508693)],687.676
[(-0.3527421494713115, -1.3998637422322875, 0.8882476504193859), (0.381519236788441, -0.8050739089597938, 0.9109048107799361), (0.17653948285764384, -1.417351038979095, 0.7756026632097213), (0.9214361718853861, -1.4715784965621035, 1.06888573375434), (0.3801212578862304, -1.1664100678452505, 1.3497897806807304), (0.6822837807780826, -1.2848834567664027, 1.2874161472851118)],4021.851
[(-0.47525552999764553, -0.7429270486366103, 1.0199732382492739), (-0.24905397331054918, -1.1802221063226395, 1.4091085234720204), (-0.08476161796452042, -0.9487700743849407, 1.3191176463863357), (0.3707484135094663, -0.8981907711703451, 0.8721947965895253), (0.4686204279374395, -0.8110928211247419, 1.6836101579374332), (-0.3914086953477451, -0.5771673047967067, 0.47000155169783076)],14549.98
[(-0.39703141223615035, -0.922527708978031, 1.305213953618917), (0.7348367839999514, -0.9541123964048861, 0.4984994714658685), (-0.6596230717229793, -0.758074622197151, 0.5452950617600512), (0.2644933099537513, -0.659058781021707, 0.807184782795864), (0.5650763230698883, -1.132819399806106, 0.7367309969219822), (-0.10524103553105586, -0.854843400246115, 1.33630119857064)],23425.191
[(-0.16999416319222885, -0.7575912145132825, 0.6307149995220054), (0.6607025667502056, -0.7724200425764668, 1.1355579104535107), (-0.48390306231572544, -1.1001119866105193, 0.8741529050112699), (0.2140287399955031, -1.232790326108426, 0.8682304494001254), (0.1745835153836175, -0.6391180084074783, 0.9353699431433683), (-0.199037053429617, -1.0228191426467574, 1.0761644693191477)],3882.625
[(0.369668188893633, -0.8227771047010489, 1.3167143627577134), (0.3854660334243895, -0.9246306550262479, 0.873112962942754), (-0.04166314583665537, -0.8813297444865521, 0.7340204855625279), (0.2502632586147401, -0.8038339125697223, 1.2337133163197713), (0.9308896656806221, -0.9985813086750315, 1.08600685718624), (0.045095520933945574, -0.4547520927071427, 1.0866365064284305)],5.645
[(0.029419504124577528, -0.9743232333078659, 0.751671690441587), (0.7930781280755317, -0.9379214907738654, 1.0272604748613015), (-0.393461394375486, -0.49885331847696934, 1.0905517387642907), (0.8110123970068458, -1.6678013513528667, 1.1616297575851888), (0.48268193384384367, -0.6578183700368604, 0.8730183578575821), (-0.5027287549398769, -1.2308008973178637, 1.1647975811129934)],329.366
[(0.984749433125427, -0.8260005161234332, 1.0439632068657239), (0.4468949853290839, -0.9534664114466233, 0.6788310795660575), (0.40492846435832297, -1.1574003462332516, 0.957934883760681), (0.689230306488208, -1.1799389006650618, 0.965473178479499), (0.36667305810277967, -1.1107665264425846, 0.7926460216239782), (-0.04198594311828926, -1.1385396679691584, 1.2731037235313145)],5.645
[(0.4026125769517954, -1.1900408287541657, 1.1649607466558929), (-0.4256779113595038, -1.1006326356766447, 0.7791534082950495), (-0.2681028106244944, -0.7804527317054613, 0.7184458422403994), (0.3457877786559721, -0.8291522190398006, 0.6243544316000302), (0.6354082571645561, -0.6367911894465961, 0.8295159907602065), (0.4385185964500713, -0.07640693341523774, 0.7923040198062583)],12600.728
[(-0.35973647537866293, -0.7943377238023872, 1.152680664008108), (0.4331990843557828, -0.7489769489660072, 0.9192885430790789), (-0.4566464351776953, -0.9500045989496538, 1.0425694335531226), (0.31644342524646507, -1.4524195539020277, 1.1260662321583959), (0.9181309211298653, -1.169790677387428, 0.8001836417719174), (0.090623352098195, -1.4969016871824672, 0.5082898919811525)],16774.401
[(-0.008505866574983145, -0.8993139463782315, 0.48548987670884447), (0.28984294483747364, -0.8197674199801651, 1.7135983120404872), (-0.09801847683083215, -1.191629230615104, 1.295865757264699), (0.6637555359758031, -1.0391970962732366, 1.3544088651590807), (0.5660745023203416, -0.6894885326078654, 0.7071299100006914), (0.39505810417827214, -1.2760234402985944, 1.029262406323389)],137.64
[(-0.02075666575564275, -1.0550339129224842, 0.40462068081745595), (-0.03837233537453394, -1.7910726230253484, 0.7674778427879239), (-0.5423992791052683, -0.8150475395517159, 0.8682459314088075), (-0.014285637548228869, -1.0623427945621886, 1.0751928632013112), (0.40308699661453296, -1.0114076299385413, 1.0198675375712014), (0.6017135905498566, -0.9167976536243659, 0.9587556506141126)],nan
[(0.39125342511593286, -0.9640580976800912, 1.526468325456103), (0.26159286321740194, -0.9488496018710366, 1.4846335725073847), (-0.012742082494264312, -0.9864625106348599, 1.598512982662608), (0.4636601350899433, -1.3437950597616102, 0.7876371190312853), (0.29130210905731974, -0.6808762537906919, 0.4555494929971141), (-0.010659070228177117, -1.3166417043984462, 0.5682118835108658)],5.646
[(0.15577066486019814, -1.0414918753118487, 0.8645180740852514), (0.704777506018299, -1.2327708367576444, 1.1564765043299974), (0.13067490753606195, -1.2852729936993845, 1.7207330189298637), (0.43052555271809984, -0.7940807904269049, 1.0371437646342103), (0.4624043735444983, -0.6041353933265464, 1.5676761799916132), (-0.1186490973860825, -1.2522440397973726, 1.0906677097375188)],5.645
[(0.01855015744252428, -0.8321705310033476, 0.5203308796027031), (0.6270961472740935, -0.7578567794117065, 0.9363426926337483), (0.3688591968305771, -1.0930261892763422, 1.132169647689218), (0.6105447805506189, -0.5518154365405508, 1.2371542329985143), (0.914601279472559, -0.9132041445948679, 1.101110600284983), (-0.05911521365571947, -0.8896822465495903, 1.1650279521758418)],5.645
[(0.025267176165429006, -1.2352281639529266, 0.8549805973398861), (0.47752770878522094, -1.6708116985020043, 0.7876516037636663), (-0.7554583335484168, -0.8711660152262666, 1.4082212298937171), (0.07091765507601394, -1.221925295777813, 1.6031946437644788), (0.5630459019180722, -1.1460524118216227, 1.3581795363646278), (0.04801139000832461, -1.1795400842377692, 0.6150131912026566)],18271.099
[(0.554186625935372, -1.516518894516537, 1.6712072825937616), (-0.04695315805149136, -0.9052220727528114, 0.9569082016589415), (0.21141215929034793, -0.8891622353578116, 0.6645563182640235), (0.22856662323746646, -0.695271376399136, 1.4721445936893822), (-0.28355119381213134, -0.7213060414136544, 1.1508204428134), (0.3742753075625372, -1.4809414703876853, 0.8468409777823328)],766.617
[(-0.12192911095399392, -0.803737382855491, 1.3137348656903403), (-0.15580261288068215, -0.7478125640201583, 0.3098642461883032), (-0.35324526834417846, -1.4989952377458609, 0.9830630824949236), (0.7677995816033372, -1.0133229820309766, 0.9531222894994361), (0.7991010558928782, -0.5208681825139014, 1.0956537646556381), (0.12110110456658675, -1.0216636265000925, 0.9646803649275161)],13431.143
[(0.26143746762375203, -0.8940860901447476, 1.719541960423969), (0.5185632668886335, -1.0848442186716878, 0.4132159075514752), (0.0015363816066089053, -1.7007107507367976, 0.8030134170110783), (0.4150893787263218, -1.3055105193732572, 1.258331872880725), (0.896890354094651, -0.6823330217591608, 1.0821606368932972), (0.08601675878120678, -1.5918055206415054, 0.682775559546677)],5.645
[(0.015520161396867072, -1.1691892915851296, 1.06931318643745), (-0.3204488231591243, -1.5052168759218096, 1.1973829766067183), (0.22034996494027445, -0.6148409773672285, 0.7108082222795696), (0.9003843096185846, -0.060641111977160045, 1.315811294512656), (0.4922893689083822, -0.9035559423500793, 1.0337745703983632), (0.1263836722526138, -0.581539292975628, 0.606915039644462)],7131.003
[(-0.11860209503947874, -0.6907354072153384, 1.0022297974150478), (0.1902563364460081, -0.7032388745065448, 1.0809679389341407), (-0.21563526780443823, -1.397892851002668, 1.0673593831200798), (0.5894117455370321, -0.8104382099201605, 0.842816890824105), (0.14684421599425113, -0.7859524473780246, 1.0555486523190605), (-0.1891607427808535, -0.6264128990560691, 0.9336721504896679)],6062.608
[(0.511353267994716, -0.5899522396860322, 1.076635518033253), (-0.16914940442221155, -1.0100420266954255, 0.6066994539298081), (-0.9637107763090317, -0.8325866366015177, 0.8821338858769305), (0.9017734392513423, -1.207837729887854, 1.1133636893365866), (-0.5407587463371865, -0.8473288950131577, 0.7397359166568642), (-0.6556346985732552, -0.7443883206920584, 0.7903155507713437)],nan
[(0.10393850500255, -1.300524215609217, 1.431084082250753), (0.08623440692523146, -0.7040157561892255, 0.7919892816562648), (-0.6071790529632256, -1.195251351665014, 1.1516415287587138), (0.46772787424827067, -1.085375754719091, 1.0904703823016448), (-0.008266195961126155, -0.9657059541843452, 0.9178998390043782), (-0.06550548449055556, -1.106297266875198, 1.0207002908165146)],8560.304
[(0.11484890741922718, -1.0842751049448676, 1.1506814534055723), (0.7176234483671667, -0.6243014982456275, 0.8738075037405714), (-0.32736473857793225, -0.797592482062887, 1.0816053139570232), (0.5930102628912147, -1.3728183485732797, 1.1602417542765777), (0.9608043744577771, -1.1437988063809317, 1.5056953598608707), (-0.3156193057682795, -1.0863777050072863, 0.6483185748063378)],5.645
[(0.12439982166615209, -0.9339460432395339, 1.4021577929405364), (0.16458234176284964, -0.9737087212771941, 0.7291122926295963), (-0.6566389399711681, -1.3775257280309041, 1.1653352242928094), (0.9660549855918112, -0.9267667898668481, 1.6384409336102395), (0.15178134550407657, -0.6417015051646637, 0.7997719438501327), (-0.08216353785900248, -1.3093664383181076, 1.2185788442164218)],7084.133
[(-0.1300412988150834, -1.0251333748570388, 1.2361920770146546), (0.41198567783914386, -0.9137985394019368, 1.019117518578494), (0.21462859737047416, -1.798961747595286, 1.029699773919023), (0.9067279073878405, -0.9243535004552569, 0.6148666565426293), (0.3298637348055552, -0.6224945287449325, 1.5603432993431081), (-0.4432350382691956, -1.3064076961514677, 0.6782560733539059)],2755.623
[(0.39296974469296153, -0.6512086069545096, 1.5193403955147793), (0.2944975624904409, -1.2672423207797874, 0.813771955647495), (0.09245483106319233, -0.9261424294218543, 0.8352374123125699), (0.3088552114825547, -0.49518763245667397, 1.166133611896814), (0.08489843408325903, -0.875428688454361, 1.4873011151214712), (0.046575551007774996, -0.5176435425463954, 0.9983076110259123)],5.646
[(0.4540202699824062, -0.9008682720463224, 0.8339923790223898), (0.24229863494416232, -0.8287422604057365, 0.2595218881418877), (0.27534114930604514, -1.2195672165558187, 1.2251501440320844), (0.37332219296832975, -0.7758097428573789, 1.242052858506562), (0.5231965504884049, -0.5312427462372584, 1.0503235539385634), (0.037643234879225426, -0.6638303356670543, 1.5781257675634286)],5.645
[(0.7704829278199382, -0.7367874929179092, 1.243424708266445), (-0.15084415451972882, -0.8749239327819236, 0.8822085737876378), (-0.02489526141649112, -1.1868789696224378, 0.6993824495128494), (0.49468422358173203, -1.082956331989115, 1.152290094538278), (0.27070220547533386, -1.0934297555230343, 0.9560757355453857), (0.06810072638946581, -1.2300550719562473, 0.8499350701736275)],5.645
[(0.5255445800646974, -1.0142744066723166, 1.0790272895175714), (0.23734782499574864, -0.8266909437531829, 0.5717741546895116), (-0.20214997578821275, -0.9685793156699948, 0.9448298217104021), (0.11743657800683072, -1.4432071916492415, 1.2713110017799758), (-0.0779102046742044, -0.7694626713451591, 0.650259127325387), (0.4973856012588225, -0.643291527227571, 1.329227437342956)],1977.21
[(0.341915350327769, -1.0502139651700195, 0.558631738672317), (0.5166053862772575, -0.7828265958033309, 0.5361662745223121), (-0.05885502215480734, -0.6659064410293206, 0.642217664445029), (0.6926750072023906, -0.8310447512998433, 1.2707718208505758), (0.8892817818032777, -0.44539029563133103, 1.2250050951228648), (0.42734085149776024, -0.9003289883345589, 1.0025233792956374)],5.645
[(0.20907764943842985, -0.7161556207948663, 0.9478154055125088), (0.7893783583513361, -1.1621686638415623, 1.2009525155692353), (-0.14368817332094017, -1.3453062113461458, 0.9512756056821055), (0.7791546968367525, -0.8325129809800405, 1.1532009378071288), (0.15522766107500535, -1.3228076525211279, 1.1665559641838776), (-0.27093236286941136, -1.152585045542345, 1.580821373622592)],111.425
[(-0.27953085424784185, -0.07049009752378632, 1.551047659598522), (0.0074162042862177535, -1.2353763947220961, 1.0273990592957467), (-0.7498154021928165, -0.507809834797967, 1.1281871550381646), (0.1211415094640857, -0.5633492726693364, 1.1606234404483027), (0.5766639062514931, -1.2058684074324701, 0.7516457596655117), (0.13809107465689188, -0.5277652383176532, 0.5605830201382644)],27486.043
[(0.217416372694216, -1.1387530349313137, 1.5378685581556848), (-0.08956714917311187, -0.86707150891236, 1.4108900559735098), (-0.19251804246756885, -1.0975837680092564, 0.7362348953079916), (0.7249730199278708, -0.5693653827687981, 0.6947301905305314), (0.5362558470436939, -1.2158310179871026, 0.905729722430616), (0.0194505929872291, -0.7827827362463077, 1.3132493598894632)],5.645
[(0.37073733851756335, -1.0456066586844368, 1.1783764389692817), (0.1999438270999626, -0.5989054711054118, 1.0852661568536714), (0.3372573825308439, -1.0270091864139705, 1.4657016238660823), (0.030962096838823228, -0.43254449632921077, 1.4060552304197633), (0.22989253385878738, -1.0813206988975428, 1.214541918507781), (-0.23434056054371608, -1.343625295806744, 0.5028254353209664)],5.645
[(0.07944764252041868, -1.174137915409933, 1.7630206058765245), (-0.30128702067122143, -1.2729942733700326, 1.1386095217722019), (-0.27062223948716957, -0.806347138128481, 0.9779286707302709), (0.7283182405912776, -1.0314599260709716, 1.1259247021818972), (0.15017763226053327, -1.2630249638591884, 1.144334692226829), (-0.46366756938460485, -1.0257283129096284, 0.5038381072568157)],10111.947
[(-0.34601527576118285, -0.993580301477233, 1.034273913817871), (0.8157395805988656, -1.054587302110458, 1.6681014939710295), (-0.16802434706828281, -0.8235070258217525, 0.43002506782781), (0.554781399268658, -1.0430655441545498, 0.6979835211405145), (0.28389456791883183, -1.0913912780298893, 0.8133292199912963), (0.11152115922278953, -1.0768645650025779, 1.2317894566222003)],2535.732
[(0.1006292935217086, -1.3283135031533413, 0.9625720852647426), (0.01885743464225509, -1.3150545865022858, 1.1845295491757284), (-0.8069977124252864, -1.319801719722522, 0.3934520960476757), (0.43395172894974055, -1.197947617350632, 1.0553509422483496), (0.20783888028496642, -0.8259057755513683, 1.1132126332911685), (0.138003256933517, -1.1300133449690073, 0.7883225350060563)],nan
[(0.33881742089158995, -0.772000833346791, 0.5562172156337182), (0.09596030318904633, -1.1711221055422028, 1.4062799046243324), (-0.11403624815378521, -0.3620933760921088, 1.2031712918843116), (0.23721742117348577, -1.6022780389301792, 0.9866745460702011), (0.5715019420009487, -1.6046767706368623, 0.6806990426101008), (0.17763822412496594, -1.1534293233157484, 1.2097763768318233)],5.645
[(-0.14240822576055848, -1.0337034205691733, 0.5828892457615333), (0.05584439113853468, -0.8188299769443681, 1.8597555558638073), (-0.18827357920196883, -1.113913672917889, 1.0618569143617214), (0.19880728486319033, -0.7804211003080649, 1.1590949649443678), (0.7541989743908226, -0.6176777963711422, 1.100647330299259), (-0.060871589416256276, -0.862095756029929, 0.8074621483370231)],17388.915
[(0.14339144501861723, -1.1505223830372833, 0.9655177695228941), (0.1468686754076093, -1.3712488844994168, 0.8332951219278889), (-0.8086969866556075, -0.7298722652827925, 0.7922698776241403), (0.6227114901449758, -0.9099671008824612, 1.0372915567882894), (-0.040266857574748294, -0.5360205163434338, 1.4183815730078617), (-0.21681610401166138, -1.0143656769747227, 0.961654739622147)],6588.54
[(0.06920012285105859, -1.037519100599931, 0.9317660271147782), (0.6542695138532794, -0.974826958110253, 1.512002430896282), (0.1101751509867597, -0.701908888766376, 1.4154403100844224), (0.26845348916183953, -1.0423955583460263, 1.070911686288338), (0.6660021657807167, -1.0251563267620973, 0.9117029382709632), (0.3817852048934301, -0.3510736784167082, 0.8444503235801795)],5.645
[(0.35155122913983217, -1.2259307127287578, 0.8786833067127784), (0.7565848634096233, -1.2048833939736587, 0.8011876378247906), (0.03765243417887301, -1.0537640988006536, 0.9291416866270906), (0.7317582815322797, -1.0460825409806205, 0.84386610265763), (0.48844133903649284, -1.0629492451164038, 0.6799155647375228), (-0.26323155504232626, -1.3930882211059963, 0.7443372241279183)],5.645
[(0.30210651014970136, -0.5045380543251841, 0.6603035783826543), (0.601749730443564, -0.42859459182498616, 0.459048598902851), (-0.5772212965038074, -1.107538921661179, 1.2538200994046418), (0.9386836274718681, -0.6692976598677018, 0.46847908770810676), (0.3893344960844479, -0.9243911711883267, 0.8006480366196671), (0.6844939276369477, -1.5548657669966066, 1.629856563527064)],5.653
[(0.8304619565599749, -0.33918083476729877, 1.1877932096607347), (-0.03733960630367855, -0.820309173859304, 1.158066664278403), (-0.38279028046311253, -0.7248900134818246, 0.7141036598789232), (0.3387260228523774, -1.0104901783233813, 0.713424139774238), (-0.0658002506624657, -1.1455715374490079, 1.336316736824613), (-0.3862957652223698, -0.9104696236349622, 1.0602704889154075)],3432.658
[(0.4150055677068879, -0.8273971111178177, 1.3405804552470513), (0.45487106813327705, -1.409118235204496, 0.8774574432501179), (-0.04986193059127619, -0.7594636458748647, 1.4149312312444546), (0.5768268192861967, -0.6908055197793252, 0.8608055816757054), (-0.20987937156192993, -0.9263252083882857, 1.0323499568458763), (-0.13647308827923008, -1.468550655101407, 0.35656604849621176)],198.476
[(0.5061593408122746, -1.402472317383824, 1.093023488803025), (0.30553506450919343, -1.1655798409534426, 0.9580359995336108), (-0.034011403336102114, -1.2171635352110983, 1.4232099620197622), (0.5828380039664135, -0.8144483721584563, 0.6517904931980114), (-0.16821860668250566, -0.38654732870000597, 1.320763990357659), (-0.22002137109503656, -1.2640480404082726, 1.029466195796534)],300.238
[(-0.14285778668854862, -1.5352280807238117, 1.0153946655227035), (0.1602201056487153, -0.5570040265544312, 0.7423940485417291), (-0.43780647028039654, -1.0230642388332092, 0.6329510362858586), (0.9546243619370294, -0.8059692202692913, 0.5537729768482957), (0.699457800757507, -0.84665198183347, 0.6117366060984646), (0.10490706984528142, -1.3255013349800802, 0.9184998665069595)],14471.589
[(0.30509739982666256, -0.8536140319891026, 1.1935699208664343), (-0.48950127754141265, -0.8617649693625928, 1.1593985851793016), (-0.15326180256970545, -0.9924199352138422, 1.5390787400875032), (0.46008580334807003, -0.885897902110073, 0.8373412408735027), (0.19753853837008953, -1.4136556490646996, 1.1417227754074406), (0.9585941639403948, -0.6268967117206408, 0.9201225417562314)],9015.37
[(-0.11507427556227875, -0.7076859421068697, 1.1755519211529095), (0.656056139024356, -1.5214932425288201, 1.1214574025746162), (0.40639172709415305, -0.7865572888388299, 0.6375796130316806), (0.16709547096464034, -0.792352662820547, 0.7122045460318662), (0.5235821937192133, -0.9419163899279579, 0.8248106268599059), (0.16669037179270355, -1.1312390190235635, 0.5864006459090239)],2066.26
[(-0.9462201794964429, -1.462481983794345, 0.8468317862147631), (0.5786842526541808, -0.8141541462233591, 0.7524597093517174), (-0.0779130334853037, -0.7620198215642722, 0.6556629141246986), (0.19516609268994556, -1.034200631527365, 1.5319675355424383), (0.9226812554241327, -1.0171236529358265, 1.2453070913784656), (0.000718665882174176, -1.0189833601529554, 0.7492174661647792)],11821.288
[(0.32759617860511725, -1.1166099556410969, 0.5879805479608455), (0.7291333888771108, -1.1642017326923797, 1.1561740308091328), (-0.11595710874433811, -1.0339444376873344, 1.4807683606404742), (0.2537777242954105, -1.3240357185082814, 1.2469061537285702), (0.18692037592165367, -1.4865591339608777, 1.200837569559241), (-0.05760524021061162, -1.4499805939377683, 0.7962453167109733)],5.645
[(0.1032108544817672, -1.0765824771974046, 0.8982364705974506), (0.03363701853492951, -0.9465287271630244, 1.1457603500537155), (-0.7667042988609705, -0.39587647358085254, 1.6469204311014067), (0.026713467676488634, -0.9548092841379141, 0.6396565912172706), (0.5274058901317664, -1.1774167115405536, 0.8488819441101236), (0.9621695465817651, -1.1386286824121767, 0.9512755420585272)],21969.19
[(-0.001251545689791883, -1.3146948506899718, 1.3277340091939713), (0.4607070923094495, -1.05526193951448, 0.923669591613926), (0.2860973856893584, -1.0459078649278744, 0.6705799169910328), (0.7135030398913433, -0.6486207418419041, 0.7770930930566031), (0.8531832863830746, -1.0721198011108044, 1.0933310549273123), (0.793004438714237, -0.5400769378334105, 0.8612145524696486)],5.645
[(0.3040893867474008, -0.607467627088413, 1.0537512443872046), (0.10720912088409282, -1.0523788034522912, 1.0750731842690773), (-0.2510110141739918, -1.140495913493032, 0.8356398888911732), (0.550709503932326, -0.8816341105305832, 0.8466281453176108), (-0.3183952659839888, -1.033900559437925, 1.253095197856177), (0.5887753651508373, -0.9676026656809611, 0.5365957018813584)],808.489
[(-0.4935547771993797, -0.8078167614760449, 1.3750398401563164), (0.38540212498024606, -1.0208220058772859, 0.5377721102383619), (-0.0973663570242328, -1.7317488059920851, 1.0824945401875272), (0.6328406205596115, -1.3519990757812597, 1.0692499578099564), (0.9658094230320547, -0.5992105733468316, 1.290815222336215), (0.020435723157511076, -0.5266263709719652, 1.305576634562211)],9161.614
[(0.03793144121087398, -0.5386061668030651, 1.1929878523357786), (0.08274189975683363, -0.6763042573127623, 1.2626091423954315), (-0.5240036604842397, -0.9056846576394907, 0.575585000353023), (0.47548227092364587, -0.8966408862832455, 1.0082582303219751), (0.5617378501493475, -0.6439256425979929, 1.0866287062206628), (-0.7891182691276393, -0.7545910997236078, 1.1353265667794064)],16297.614
[(0.07760165145402405, -1.2044150859489766, 1.3339841136408868), (0.5276434491278335, -1.01446495761454, 1.00941483080992), (-0.4900204223660438, -0.9489709804340898, 0.9226958671963031), (0.9067482768304189, -1.059896346791388, 0.5295035616063937), (0.09971421568802036, -0.5850678533450047, 0.0787237567379423), (-0.40162315911977675, -0.9841952206034453, 0.3036842614023041)],5.645
[(0.7222549955855767, -0.8031902035882379, 0.867676317678368), (-0.38337579903888636, -0.8550508733509439, 0.23758502334181897), (-0.1897508602247883, -0.964412584351149, 1.1569572981636354), (0.7720416102166869, -1.7512654695768437, 1.3689445810232663), (0.4660095385079817, -0.5563856370517157, 0.7733811092104351), (0.12235954733357789, -1.0898360793359212, 1.4220590731422136)],5.645
[(-0.2952198835124157, -1.4394280493495253, 1.4298803123216701), (0.4919582089313896, -0.7025308481485778, 1.6937034412799739), (-0.3417891070692973, -0.9099185083918221, 0.9241452975247388), (-0.15502492053571115, -0.8148322141719397, 1.3353841161026179), (0.7163338613430935, -1.0467167073238526, 1.5691977282859024), (-0.0340710674738902, -0.6031529780826834, 1.094814630149235)],26935.406
[(-0.1296705637493851, -0.9342151297518786, 1.0270930163581304), (-0.26581265485589317, -0.599585312274516, 1.3691397828024883), (-0.34579376117765787, -0.7446623027684018, 0.7457645656144765), (0.5059844203707377, -1.4281565011075723, 1.2535143143871017), (0.7182485930028573, -0.9215653984076768, 0.7403464804213339), (0.30901968271820146, -1.0162654650576577, 0.9681119772260822)],16837.812
[(0.1636500486187445, -1.270694659523676, 1.2234389132248402), (0.042806253976599706, -1.1124366349191492, 1.12167323769198), (-0.14226588011712452, -0.5884050584797575, 1.2010124374817799), (0.5339003478050915, -1.3924682843975063, 0.804604567153048), (0.2701281534166961, -1.1697917767074901, 1.2193573058650276), (-0.2021898085836923, -1.2529445428543289, 1.0872966926109222)],5.645
[(0.35787609898232475, -1.1029724397422163, 0.8382407615855462), (0.3392868349935768, -0.945607763919496, 0.7267787731446096), (-0.8886681638874797, -0.974083248586226, 1.0918152828945533), (-0.0474150180248154, -1.216419792754189, 0.5284802280675973), (0.7558453149508684, -1.5550580626996677, 1.244865953690596), (-0.38053164757172064, -1.0119145887192613, 1.106449093554325)],13200.729
[(0.24703513735001054, -1.0261725849835484, 0.5529866226782554), (-0.08594517347344793, -1.297109262154155, 1.1003520924826233), (0.4447579868062621, -0.5653263400049574, 1.410237247795577), (0.6835167170084898, -0.9503612263420438, 0.962087151518294), (0.5388960955110913, -1.439226090064525, 1.3225560462896182), (0.032638015326368265, -1.0614789163002472, 1.4719929539687686)],5.645
[(0.5241023553902519, -1.1469965870430412, 1.6083864435587705), (0.3555305824239611, -0.7630462681817908, 0.911511577171606), (-0.3543964879369147, -1.288868827999576, 1.2799022230091204), (0.20329183724461553, -1.2782408706185218, 1.0478680029590917), (0.3003480234278927, -1.174292402357279, 0.7710608307061608), (-0.04385870397434836, -0.9197976628272291, -0.03958473440994115)],5.645
[(0.16292371437347414, -1.070878542550916, 0.8368737046212145), (0.1400135936550267, -0.7847263576135965, 1.128183224644171), (-0.46301479261147305, -0.8238949408711886, 1.0383346084809615), (0.6057868019646395, -1.1579410642823973, 1.114790686586715), (0.6143017146630666, -1.3458319288788596, 0.43019823689727144), (-0.2707161729415344, -1.1891587637090606, 0.9180672514752591)],5.646
[(0.22172116109067797, -0.4373856606897554, 0.75157649020655), (0.26553759096252083, -0.9543936790173769, 1.0941526631003042), (0.17745516484009902, -0.3584043753225167, 0.7900291709290552), (0.02101657616067465, -1.4180719695976638, 0.9624437631170921), (-0.15343529568036718, -0.7834396453439154, 0.8354960346107787), (0.11209783237470998, -1.207685626994571, 0.9937944092157937)],304.344
[(-0.32141997899521946, -0.7537048727913864, 0.6994079761110253), (0.64099336529716, -0.6338585958322378, 0.9396890989912735), (-0.3613255063630106, -0.9573821357218556, 1.1036392648685522), (0.4420199346423982, -1.3648764148971877, 1.0994586693275636), (0.07228445481241441, -1.0529633097376876, 1.0248734731492644), (-0.8154240378422996, -0.8716010227711313, 0.5284232788014811)],2539.255
[(0.135295606607728, -1.1028037693950972, 1.0379940431905277), (0.8144381304289887, -1.022297507813112, 0.6149219032410078), (-0.4396835466968858, -0.4407181889035121, 0.695864106451707), (0.4590649164040217, -1.2838998308619034, 0.4373085061474775), (0.38672077415068173, -1.1546714274655592, 1.1622047111597023), (0.1607176141223999, -0.6473758827242806, 1.225000358066377)],5.645
[(0.15615753732417284, -0.854256213571793, 1.0792664125558398), (0.4377973737017148, -1.4677112373338348, 0.8839542782858898), (-0.20169560636462952, -1.636397572575898, 1.1138532486351507), (0.5476724818302958, -1.1110270809187683, 0.8556370047619288), (0.7078620576247197, -1.2107739929488257, 1.0121043066924065), (0.24845407855448604, -1.2825385668902367, 0.6220703163663119)],5.645
[(-0.0750012217767261, -0.29388518123270124, 0.9876256142072791), (0.2765220144002067, -1.137863941018883, 1.2790941169869403), (0.04277559646499593, -0.5567764440854763, 0.8918897561010438), (0.6173381994588969, -0.8313816178918486, 0.7300386778074582), (0.7299129658873094, -1.6292975446188251, 1.556158083155161), (-0.16140910786072274, -1.1636962539610867, 0.6975281371923756)],5984.236
[(0.009067402347248066, -0.7122088477890385, 0.6234587089341563), (0.2745109025347183, -1.013927777964571, 1.6864523197625563), (-0.39800501393281584, -0.6624475908581402, 0.5719830814555101), (0.09870263748343866, -0.8791840547654062, 1.2073547768437507), (0.21951945913915505, -1.1119821145038242, 1.1030897427737711), (0.4222625784457874, -1.6745370679988196, 0.9852385117189446)],13580.686
[(0.06704929829996661, -1.1638663124051807, 0.7256005876323184), (0.11274263493983255, -0.3253236667419165, 0.5842750126727744), (0.7502514502728754, -0.6332167975838219, 0.8379378624370144), (0.8982861974858657, -1.0652124449600024, 1.069336353696308), (0.3183138350461985, -1.1574909911659992, 0.6249535505348957), (-0.507818539049672, -0.720022633945596, 0.8889125277264035)],5.645
[(0.35019559293190916, -1.3128708851385191, 0.6904224620685195), (0.07457200754031959, -1.8360149260389762, 1.2970638906489298), (0.15952828131083788, -0.8672610591193015, 0.4670933334757279), (-0.06291719365544224, -1.4787230497551722, 1.0921154654851197), (0.4280319085976869, -0.67850851290791, 0.8521106055122811), (0.6303115485389252, -0.8479842769570877, 0.38205747200994633)],5.646
[(0.347492640824411, -0.7275878262638933, 1.047342523089703), (-0.07449409395930068, -0.8022346142998542, 1.0084712555318207), (-0.6093191776681249, -1.1315100314075222, 0.8307332420286331), (0.10524643688621238, -1.079281956423072, 1.4850210440780416), (0.3180590356390542, -0.8015862542606627, 1.371232323077264), (0.21459821574472318, -1.479972123996954, 0.7099338434098084)],11513.77
[(0.33567620874518667, -1.1758228504198778, 1.0623923747008435), (0.24005622710194463, -1.1184785146696106, 1.154555129037274), (-0.557961978668786, -1.5404132129869024, 0.9781176423121335), (0.33934117023354005, -0.6619069799692487, 0.9469710553435551), (-0.1988370866100656, -0.6969471390567641, 0.9686962717134183), (0.3236366085247022, -1.4182619656012858, 1.2981606788119464)],3877.246
[(0.056076365129598474, -0.7902613344898206, 0.9764574372812826), (0.29175492673612097, -0.89459726538437, 1.1637644170652184), (0.4879105184467978, -1.1129104770063147, 1.460001407796287), (0.7796668518573878, -1.2711273216184176, 1.3023616775757296), (0.2680706863423865, -0.42658965123487635, 1.9311908802864888), (0.271085442214614, -0.9653032934498649, 1.1357047793549666)],498.222
[(0.5285851150840426, -0.7166391547019025, 1.4188554947652834), (0.1155085204196116, -0.7774647816019713, 1.3509994227690054), (0.350158893697618, -1.4503729527998241, 0.9932198653476078), (0.12114138396245883, -1.2173259710319495, 0.32044403875338334), (0.9785042265537384, -1.010688694005537, 0.8138738163500457), (0.5199117810303863, -0.9483228532739699, 1.0585973350647975)],337.294
[(0.665259727976792, -0.33942228367251837, 1.5374442057181459), (0.15673967994035928, -0.7474081696247004, 0.7628463287566701), (-0.374434244485659, -1.080716164044957, 1.302553866395694), (0.14012842264913394, -0.7918124359437787, 0.7278389430098638), (0.0707165232387203, -1.1147545750953292, 1.3696921760373808), (-0.060564743930535146, -1.1864428971651138, 1.2846563498825923)],2652.757
[(0.5282895849214043, -1.2376924569724679, 0.6792461675700362), (0.8467815153517555, -1.2632371898083048, 0.9413604754818217), (-0.04477538726656216, -1.4595550844234233, 0.756465098246878), (0.7169040182425831, -0.8062727408694054, 0.6032629819410251), (0.228819046809652, -1.2396154328593494, 1.0072089357544174), (0.1720840504184752, -0.9863865569378327, 1.0900671600104446)],5.645
[(0.09950153443212409, -0.6859317201454336, 1.0464648987746579), (0.052338427699215595, -0.923786469637188, 1.3310360356654998), (0.29019911213671123, -0.7998546208957218, 0.8250358928147671), (0.5479498650672675, -0.859612018426939, 0.9217250637152288), (0.29955376578567033, -1.2291981941027212, 0.8280234278956414), (-0.4122831656285057, -1.3295598821778336, 1.5904849532307748)],5.645
[(0.29271829989551956, -0.702746781957559, 1.0238070106433017), (0.2639846572270679, -0.7604799091162374, 1.2281937539926422), (-0.10841085990197596, -1.3019708408445934, 0.6017804368469748), (0.5026060906361781, -1.2875001743937253, 0.6576315153967591), (0.16303175905462422, -1.4306938284917083, 0.8585225522442113), (-0.1297112351786142, -0.8027715235846773, 0.6532722491471405)],5.645
[(-0.4683440909439016, -0.8960888787024905, 0.5765790269898439), (0.9132202076777223, -1.3507823853996574, 1.4553857784204403), (-0.2731509663826051, -0.5715046626521652, 1.3600972953242527), (0.6424485864258597, -0.517250201039996, 0.818928694259824), (0.12128930460001885, -1.5045205802934736, 0.6669423688860323), (0.22318440160943537, -0.7479651830708358, 0.8520302711806738)],2025.127
[(0.44963859199413514, -0.7204715788918128, 1.1567223688038952), (0.38895785186744325, -0.7578044200377503, 1.187427031413381), (-0.3135735078564369, -0.7383564544072831, 0.8946185544150088), (0.7982024929054828, -1.0126304077516013, 0.8029032403153412), (0.3737829969806592, -0.8716147139883821, 0.9885518922150159), (0.13062680653957806, -1.050049193569657, 1.2781663770193579)],5.645
[(0.7122780084540747, -1.0615239374685723, 1.013956018217571), (-0.13817543874239974, -0.6831774178699748, 0.6754760241163529), (-0.04915421046433413, -0.808076129654875, 1.2199704264449822), (0.4040539390152913, -1.0297137586860765, 1.27797799929307), (0.6614551020597059, -1.2877953477982933, 0.39490193903157944), (-0.2114334725883706, -0.8435150951707713, 1.133033512994899)],5.645
[(-0.18057673225665918, -1.108682514460922, 0.938231810460381), (0.38756388763194954, -0.599959095626696, 0.534618844499632), (0.42152280311045687, -1.0464123767251874, 0.9838648391840304), (0.6064775145924564, -1.0055929726200246, 1.2066019468341387), (0.6691543478332553, -0.3181308709755283, 1.4043384648297064), (-0.17704789822899483, -0.8806027234687683, 1.3093325247166594)],3866.65
[(-0.10740223096959492, -0.8017770163771475, 0.49608785977812353), (0.38640748724837565, -1.025808451400335, 0.9339611559405777), (-0.21365099433910922, -0.5533564883048112, 1.1251291533920456), (-0.123517279504753, -0.6956315298173577, 0.6544588585150659), (0.6154048225440092, -1.0363207054180374, 1.7341523608475096), (0.31562170566258385, -1.4844642395720293, 0.7679335483989025)],16346.299
[(-0.7978154176280469, -0.9481367715072168, 0.6855396048812332), (0.2504522217089383, -1.2119368192901994, 1.0253765598738969), (-0.4976954025204712, -1.2725432294051497, 0.8763784077317835), (0.2982278422239566, -0.9770782438822093, 0.3807110716269321), (0.6202356367917097, -1.0376708626077, 1.2667112200504302), (-0.3869294104280944, -0.8475373647923086, 1.2057750668014813)],nan
[(0.4316068121729003, -1.5979817717431706, 1.1262961817727606), (0.10999377721155235, -1.4911329698168774, 1.1672314257221763), (-0.4887816339664013, -0.9678638710322993, 1.263004576311367), (0.5931136234761963, -0.9199884583514918, 1.3380565283279477), (0.6990586529162799, -0.7287813856476846, 1.766108546829911), (0.6165765134287877, -1.3252373768217998, 1.2181346699749118)],5.645
[(0.22288758033016554, -0.9810594671793506, 1.11396640382887), (0.8122870224699295, -0.973736747952355, 1.3022413838579405), (-0.07699805816696095, -1.1457473236775368, 0.9415178171807893), (0.5995416205560665, -0.517471316030036, 0.9215475877362852), (-0.3431559261622805, -1.4348201971261518, 1.0369839532295462), (-0.0889029890763134, -0.8891567326546612, 0.8798765881564288)],132.899
[(0.036296038458412505, -1.1650962551759585, 0.7580666864392844), (-0.45804729447312525, -0.9919095330994772, 1.264867413022713), (0.5038874485557875, -1.0410446159404612, 0.525721372797145), (0.6702517540977359, -0.9901677231685211, 0.9012778003732715), (0.4113221489349905, -1.6153104320246139, 1.0775962171119264), (0.4492375302099785, -1.4634144743320936, 1.1393496427593663)],6233.117
[(-0.16977069762384558, -1.5174252002386635, 1.2039521637463448), (0.2539249307055685, -1.0925412360058293, 1.2117702455372656), (-0.6437910265471363, -1.079147145942042, 0.49046697492503355), (0.2748290078778315, -1.3363012416763098, 1.0921476545948636), (0.8192500108192681, -1.2197650604967978, 0.9856047321269437), (-0.7075149683142512, -1.3711132991061028, 1.2994694704186054)],22979.061
[(0.7419729411776316, -1.1684777660034849, 0.9520857722836641), (-0.30515889535230284, -0.907467040045928, 1.179382986237622), (-0.15999215376494721, -0.6566875264274482, 0.8330236656273293), (0.34107726474093536, -0.5423556478673441, 0.1913989454294407), (0.38519975462905875, -0.5824886602039021, 1.091819190561929), (-0.5306144716403087, -0.9735535614162433, 1.520432590809882)],4994.031
[(0.7035670670087923, -0.9384654759502616, 1.3818920255198415), (0.7163956842081444, -0.8990850854749887, 1.3787106534411928), (-0.05620625968071044, -1.39366927879985, 0.7296636789501123), (0.880906447952214, -1.3907883739033027, 0.7846581780650017), (0.6550785215870633, -0.8483661636113401, 0.5956021363297369), (0.4541909719554719, -0.8684722100054609, 1.867805948520517)],135.11
[(0.4712142943162052, -0.5912052981043123, 0.6520957950195135), (0.6213869528330069, -1.2478773432302002, 0.8714799922043321), (-0.11293904339381082, -1.224288827276736, 1.1224850033076783), (0.29981572173806315, -0.28286877923257814, 1.092727191717067), (0.6167014788376102, -1.17795773202484, 1.3477263982756842), (-0.45140452303479534, -0.8916341753361182, 1.3814026235845027)],5.646
[(-0.6371328690159921, -0.710535435446964, 1.018889780736804), (-0.10325245000536848, -0.565641945735873, 1.3368693157784812), (-0.21607581138550602, -0.8684208088613863, 1.3855557592737824), (-0.10358017850375001, -0.9792814130950664, 1.4143349471266478), (0.9472214263637972, -0.35645295390771103, 1.1223203913355793), (-0.7039618510821818, -0.8760719487852889, 1.2968045636771417)],nan
[(0.1704026528099232, -0.7311231345381297, 1.422826963235598), (0.2758583629645772, -0.8342549061502019, 1.5892777231862194), (-0.3761460462972457, -1.0114189748002662, 1.053879279672151), (0.30974889380298953, -0.7138454730782604, 0.7045066923694923), (0.5345047552032152, -0.8764952466834239, 0.8804395118326238), (0.33378916275161247, -1.0844361887103595, 1.1258255460045847)],5.646
[(0.6410084079918629, -1.129385104929946, 1.1715954875048644), (0.9593115070581846, -1.10630656472923, 0.8533732881017221), (-0.15560571791121572, -1.7109363290719788, 1.1980129019395687), (-0.5253915423046503, -0.6268649871797003, 1.1854505318669473), (0.2700656742817332, -0.8375594369141515, 0.9213470382557952), (0.4503680182491723, -1.153016495528267, 0.61485154621026)],1350.5
[(0.026656445561661857, -0.9290379457061303, 1.279945981266906), (0.3107231861555292, -1.3368385415402202, 0.9612088470113959), (0.24920524499268257, -1.2057487735088162, 0.6071120635029555), (0.2987769433026549, -0.8322208422125787, 0.8578674863114873), (0.4682936428237435, -0.36030995971830504, 1.0427897282325171), (-0.4328869306850731, -1.2784931601566336, 1.024561005265481)],5.646
[(-0.23606150391074196, -1.036541092999852, 0.6127267817579694), (0.16591524736454105, -0.7596350286267674, 1.2257810467413062), (-0.7337212348533786, -0.6304405262241631, 1.025047108231651), (0.9114169831113939, -0.6134752841317488, 0.9124991029042968), (-0.009262971695036759, -0.8068854128474021, 0.878665419740342), (-0.39863341836541416, -0.808276729295584, 1.4732749710515627)],10267.625
[(0.02277930548603614, -0.5985762607652287, 0.7408193738884329), (0.23788643803947324, -0.7854315106654962, 1.0143234090469986), (-0.6464917689244865, -1.3968787189231064, 1.0653307327106079), (0.5046461289586263, -1.2471159395662292, 1.0428287925519084), (-0.18999478692349636, -1.022164855558867, 0.8754191577368461), (0.2666102975955523, -1.5399873082683642, 1.3030408238202318)],nan
[(0.4163109369284099, -1.3521887562926391, 1.2124107045269954), (0.8094819403716307, -0.9906696155768849, 0.8923900304370147), (-0.7727158631951541, -0.6440553275414682, 0.9991608001890683), (0.7471182340837939, -1.0518263768656417, 0.338822256136727), (0.26674778213254424, -0.8171208074779859, 1.639207033603538), (-0.7877254741366042, -0.6561842690792181, 0.6262391434472117)],5.645
[(0.147, -1.0, 1.0), (0.312, -1.0, 1.0), (-0.23, -1.0, 1.0), (0.547, -1.0, 1.0), (0.395, -1.0, 1.0), (0.01, -1.0, 1.0)],5.645
[(0.064, -1.0, 1.0), (0.166, -1.0, 1.0), (0.065, -1.0, 1.0), (0.001, -1.0, 1.0), (0.018, -1.0, 1.0), (0.01, -1.0, 1.0)],6.794
[(0.064, -1.0, 1.0), (0.166, -1.0, 1.0), (0.065, -1.0, 1.0), (0.001, -1.0, 1.0), (0.018, -1.0, 1.0), (0.01, -1.0, 1.0)],6.794
[(0.064, -1.0, 1.0), (0.166, -1.0, 1.0), (0.065, -1.0, 1.0), (0.001, -1.0, 1.0), (0.018, -1.0, 1.0), (0.01, -1.0, 1.0)],6.794
[(0.15, -1.0, 1.0), (0.3, -1.0, 1.0), (-0.2, -1.0, 1.0), (0.5, -1.0, 1.0), (0.018, -1.0, 1.0), (0.01, -1.0, 1.0)],62.733
[(0.15, -1.0, 1.0), (0.3, -1.0, 1.0), (-0.2, -1.0, 1.0), (0.5, -1.0, 1.0), (0.4, -1.0, 1.0), (0.01, -1.0, 1.0)],5.645
