[(1.08, -1.0, 10.0), (0.4, -1.0, 1.0), (0.01, -1.0, 1.0), (0.0, -1.0, 1.0), (0.0, -1.0, 1.0), (0.0, -1.0, 1.0)],0.993
[(2.0124112069036677, -1.0579201971498384, 9.547869811298506), (-0.1499538380724459, -1.3285597896141887, 0.6942596502480649), (-0.28852271641858923, -1.2519147682755816, 0.9038287802883539), (-0.3399692486104429, -1.1623457827974688, 0.9316497084874219), (-0.2740291860754382, -0.7827636229052688, 0.9189624486121108), (0.10323123896604501, -1.0073017919552019, 0.8582387186324933)],2087.408
[(0.24504932965151427, -0.7208596362926808, 9.23096073005537), (0.0903055845248465, -0.8909254105512028, 0.9955387307809319), (0.3583635350778699, -0.537367493265481, 0.8044625776937816), (0.07589625351271356, -0.8210472572534692, 0.9518718088112499), (0.7479599785837382, -0.8868816472479031, 0.7675603829358599), (-0.0009618748932751557, -0.7144176157191953, 0.7684432761190163)],0.992
[(1.0306571985334667, -1.1562052046539422, 10.36301818855321), (0.15875615638793886, -1.3596353832728332, 1.154976005643998), (-0.40153408918246425, -1.070856337279166, 1.142132407547168), (-0.526007109610331, -0.8173595681831971, 1.0440058761592745), (0.29724868380256636, -0.8767695443743928, 1.5172728517866845), (0.16781846810481954, -0.56769814870415, 0.678818593630226)],0.993
[(2.371715837812493, -0.6579543697225947, 10.100747071410062), (0.20059617633897764, -0.798093096443512, 1.193515426302369), (-0.6237883004476986, -0.5512717581411611, 1.1239159319117502), (-0.28375826961607387, -1.1547497014733352, 0.7725237131373428), (-0.5021695543687049, -0.9712989438055809, 0.7420596797508099), (0.3015001044465193, -0.9733971506488387, 0.6593274255985893)],3650.113
[(0.8150571976594476, -0.4525764144985912, 9.873531383062176), (0.4333993661447401, -1.2796393215286668, 1.1224185605502708), (-0.11256888398054772, -1.1504485271886962, 1.4654667952603209), (0.09493873740077241, -0.6808397127608183, 0.824355690269316), (-0.04869727199553265, -0.9418582551745935, 0.7946802741615366), (-0.22604117823175196, -1.7203867371647141, 1.015857173493608)],0.993
[(1.8891561737269627, -1.286001313438704, 9.590485998350662), (0.15837062639808996, -1.451039577196405, 0.866368088460354), (-0.03104261012416635, -1.2783140015239436, 1.3262689242108576), (0.3273310980587805, -1.1825181162450649, 0.9749949279666956), (0.24885649784049316, -0.6864217882199724, 0.8588918028948456), (-0.17317207211775326, -0.9864067638011288, 0.5984194154903673)],1953.588
[(1.9038161219159324, -0.7840456140239715, 9.889138623318741), (-0.05230946161372518, -0.5560836142638479, 1.1937935158222217), (-0.5887532935529928, -0.9281962290510618, 0.918999150937345), (0.01357792904454709, -1.4174033612407961, 0.2681221575662397), (0.04626145923675984, -0.9990284304849314, 0.4755270957787049), (-0.383158844818251, -0.4443834819728014, 1.5123512220382263)],2167.575
[(-0.9018390520805113, -1.2143490121234897, 10.475742334776664), (0.14682915775777167, -1.5455501935651315, 1.0264463469979948), (0.4614897348272573, -0.8944236856750623, 0.9627298131303397), (0.1819706796716789, -1.431013115986739, 1.1720533090983396), (-0.3753272069248182, -1.5634264564805493, 0.7493754395908505), (0.594766481613207, -0.6910887118165399, 1.6873275813815949)],583.685
[(2.151284015393877, -1.0592651195926188, 10.423298527364944), (0.30684265798917315, -0.9639450231214369, 0.2749983752373947), (-0.15557752436121408, -1.3618937340435162, 1.051799590136921), (-0.0484415100555805, -0.7915032326818792, 0.8856874384638788), (0.2923631190126847, -1.8479558335712212, 1.010020826982467), (-0.13785765299971614, -1.722860724863295, 0.8485679009585495)],2906.118
[(-0.7483411326197671, -1.031631687781158, 9.743662783525025), (-0.12434160934841576, -1.074633791267302, 0.8013398526781595), (-0.1684855868554788, -1.1174597818030487, 0.42327455316942764), (0.4877376628083074, -0.8045055821794332, 1.1809080897193651), (0.14027419376067057, -1.0265488080180702, 1.2323080194460243), (0.560474264317746, -1.5767296857949484, 0.6606395344799314)],0.993
[(1.9344640497564272, -0.7795591730818596, 10.520644852397886), (-0.08450187277917365, -1.3873662035497383, 1.0132700137030766), (0.25341404476423013, -1.1848590912993362, 1.0337525303812598), (-0.12704862252690305, -0.7532851459668022, 1.5198153264229417), (0.3433504646014333, -1.4649241196830396, 0.5015010153385823), (0.5222343720095121, -1.7012825211035332, 1.1334528505149846)],1531.836
[(3.9041874954998836, -1.0753977246941342, 10.229256325453054), (0.45475930351882216, -1.1626419229753047, 1.1224890187017875), (0.5541487901799832, -0.8398783115545383, 0.6762390381597407), (-0.2743014810316182, -0.7912632209957698, 0.412928803504802), (-0.2646142299794904, -0.8290890295227065, 1.3365351767715536), (-0.04876686078556989, -1.268913449233943, 1.1265953330199292)],7619.805
[(-0.3689228786716081, -1.3537316884048498, 10.167548845958844), (0.4572091507031434, -1.0720636076092036, 1.1956540474427866), (-0.14036260594557015, -0.7245039661672509, 0.9930536358323433), (-0.4481882361868971, -0.801758485533296, 1.422092206944652), (-0.6934707319402251, -1.125253947384728, 0.9342327160248693), (0.02788109593353033, -0.6748917181555711, 1.2276865322083363)],0.993
[(3.753762711072515, -1.1379220357242257, 10.351962000557588), (0.8757467350022755, -0.9429197088248373, 1.2612629101105195), (-0.7869338607624209, -1.0866884721901622, 0.44675669186734546), (-0.42402139574724207, -1.7654866162009983, 0.8846850441018792), (-0.38138522811818726, -1.2307839500137538, 0.9797299839642849), (0.3022486776223775, -1.0982062616110457, 1.1409508097665637)],13426.34
[(1.4180335308342977, -1.1293157839396366, 9.422775722330021), (0.4335086858150041, -0.6870265546546583, 1.5939720687415657), (-0.06755837460650123, -1.411454154647797, 0.770597740227869), (-0.012916199151899536, -0.9811215048420013, 0.773579503344136), (0.4074910799930276, -0.5840613393123442, 1.4704332412637733), (0.8802117673241012, -1.0806156792513093, 1.442511318637528)],2046.836
[(0.7260470817756441, -0.7886327353222745, 9.621855904242052), (0.3986263597914239, -1.2985325359131374, 0.6348707735657837), (0.7814640980156602, -0.3490311205348353, 1.0133743187200859), (0.19794517587295943, -0.8085377997099273, 1.0959048269146858), (0.7071958001570272, -0.8636687751174983, 1.2030201830006961), (-0.42435074225446406, -1.0976746777243205, 1.0190293038216525)],0.993
[(1.3124610859070613, -0.6020707643412242, 10.327395391616495), (-0.06037603178429196, -0.8345049266232547, 0.7266790713300446), (-0.04315761555367681, -0.9290965718808608, 0.3937001597990645), (0.2579431370722618, -1.2260548512828966, 1.0664502427709992), (0.7117741305657579, -0.8230214467216228, 0.7058384274176202), (-0.08680826300215926, -1.2713498448094014, 0.7263528485473103)],987.87
[(1.611169518401454, -1.4125391818542048, 9.180225513699135), (-0.019958159816207632, -0.7064179495780756, 1.7770897404879764), (-0.03278821211125069, -0.5229094213473422, 0.9545307115827698), (0.31087638718149496, -0.5399482045944571, 0.7728234174981548), (-0.7741125500830638, -1.2892953815256332, 1.3573113926495002), (0.002483081382695114, -1.1651796239344956, 0.8285552530427395)],1320.765
[(1.919137994422993, -1.2812098137914882, 10.247075768483286), (0.7966219151592003, -0.881592013375825, 1.4040062662412462), (0.7259207923860607, -0.9864903177466504, 0.5144233375348514), (-0.09967384935649447, -0.6860759639162048, 1.124199830042474), (-0.05075681590188187, -0.8473418124671398, 0.9702454795876936), (0.4000162156580987, -1.050173014175348, 0.9465641427208217)],4165.803
[(3.318494976697023, -1.329690928671068, 10.401586438301004), (0.24288039015247787, -1.2001845523485932, 0.6758533151110249), (-0.20354025524836683, -1.0467548137875806, 1.3986396427422272), (0.16573879207128786, -0.5060462409688279, 0.8182635838424762), (-0.446631534831167, -0.6941680491914757, 0.9246398246739078), (-0.5849081518163758, -1.0110507530765194, 0.8015226089070986)],5198.659
[(1.3167809116158196, -0.8354606833484638, 10.270213728265563), (0.3453423826061073, -0.5435983338818732, 1.1387484150342555), (0.5562932008280926, -1.0432563078667192, 1.1720920769969787), (0.2328636901148974, -0.860999384945148, 1.2830607504602312), (0.06033121386166254, -1.0528460782597493, 1.2914422571540154), (-0.09739318245901767, -1.6945084164163524, 1.2651628855276758)],1300.722
[(1.270377742102321, -1.2630869376856715, 10.37706995231867), (0.013633963673553517, -1.2442627823181958, 0.6448679096484062), (-0.4943502146658427, -0.8711510583915903, 1.075287164894263), (-0.23550865280329522, -0.2706338643871441, 1.073733271136487), (-0.23427750281594895, -0.750450873225732, 0.7955664510299754), (-0.6020421030920518, -1.5941040666955173, 1.087869371779438)],1585.464
[(-0.6912990037476219, -0.9980817728134243, 10.004328982668632), (0.7104755189361431, -1.1329720364225326, 1.800001159659), (-0.07447497354863104, -1.1770570051706302, 1.4712983981999679), (-0.3198156282639874, -1.3208646301638969, 0.6805695410235086), (0.30942669882988777, -1.6178302709531949, 0.7443398908186027), (0.3230913567323411, -0.9404681631883789, 1.1468479011093606)],1137.801
[(2.0377570681141144, -1.0468569703320587, 10.217914164945991), (-0.43046968922528017, -1.1598068232588954, 1.0263893246373386), (0.48624073306701066, -0.9976205276838869, 0.5307701077510079), (0.21593137195525489, -0.8245136790049598, 0.8964927394993174), (0.3390262011997663, -0.7401145714550246, 0.6510743060037432), (0.09724330847319652, -0.9942068214886428, 0.9454607029535445)],1037.459
[(-0.24064726471752906, -1.1205313130764285, 9.981462145386061), (0.8002456380476644, -1.0930303007135447, 1.1183805995484901), (0.7086399615150936, -1.2413290319432393, 0.7677142286400275), (-0.24811492378630612, -1.2536098536840865, 0.49061522971414373), (-0.5560826131309711, -0.8338426250161052, 0.7093953078158195), (-0.7579794880606007, -0.6014164291149198, 1.3596147455943148)],1384.085
[(0.4316989231964503, -1.3745454780199444, 9.943075792562711), (0.607891738517604, -1.1478020094698491, 1.206002220308299), (0.6253226360059221, -1.191129841719828, 1.2488222853253264), (-0.29855560156699995, -0.629130107886962, 1.156793308628204), (0.1303839944349103, -1.594697057603521, 0.7131095010621017), (-0.28236093227264153, -0.9106343794618043, 1.4201496957180064)],1103.02
[(0.00943568683198781, -0.9736961220106636, 9.984706422371584), (0.4066043079692903, -0.7499939711527148, 1.3958667803677667), (0.401907271933639, -0.9813102386150759, 0.89829907578697), (-0.12881430294769133, -1.6991355547608529, 0.9122986458494712), (0.30971881727088957, -1.1805232266611954, 0.7865012866031752), (-0.056553568958434455, -0.7758078787532895, 1.1623635710972724)],0.993
[(1.124592617512368, -1.066859126319561, 9.818929008510612), (0.6787149628450974, -0.829867901269222, 1.0109950721968919), (0.1270225982857466, -0.884832125828547, 0.9018889108655248), (0.06267645015752371, -0.5621140361873231, 0.9002911009004289), (-0.06485272642328704, -1.2565259954110815, 1.1241117538633327), (0.02656721690136986, -0.9269049326785143, 1.19038874985961)],0.993
[(0.6435525376212385, -1.0822135089421778, 9.538766415782257), (0.3334697550538555, -0.7168860649227704, 0.9356356682438539), (0.010965845525946354, -0.8765083844778573, 0.8619230014936489), (-0.4708112495439271, -1.2864161857495693, 0.8079483072234661), (0.343807656438021, -0.7324526694807192, 1.1749711167894699), (0.9133324394776254, -0.9275154619541942, 0.8760925289604915)],0.993
[(0.3131060159502337, -0.9266491326399521, 9.578302374295854), (0.05336273249718293, -0.44268511314221404, 1.0773074133848441), (-0.14098019746673357, -1.1549913925113835, 1.2875317810348013), (0.5181985588763941, -0.8590606566162773, 0.9886588218712882), (-0.30463312036947804, -0.7489053578619567, 0.7929990942338496), (-0.0800224956873196, -0.5900606504271677, 1.2194412335583218)],0.993
[(2.4014965480275627, -0.6914080245099803, 10.194181250207146), (0.7141609114936625, -0.9210457641620166, 1.048367359279166), (-0.06342212744939885, -0.9465986399752486, 1.0122566818225447), (0.3733326709765136, -0.6555112802065863, 0.9568948391022396), (0.2510711115278818, -1.387115725376453, 0.8854998763794795), (-0.06139756257005367, -1.3660802776100878, 0.5942508358064643)],5059.92
[(2.178962631779009, -0.8857977598833565, 9.915082183626039), (0.04710441884564587, -1.0399550294180249, 0.7744385238049268), (0.06351408218147962, -0.7923385767111708, 0.46361735638741686), (-0.16000362722241845, -0.751573440314671, 0.9676783655430197), (0.11050678738480138, -1.0688866506920394, 0.8067451133637829), (0.7745257317045428, -0.8459555031420429, 1.0695549092603802)],2288.34
[(4.267107839227502, -1.3605273857813902, 9.526053470654597), (-0.06375911591216177, -1.1080671696118227, 1.1855122973316419), (0.058187489953250286, -1.0199066301050752, 1.0809261359076336), (-0.4791788552562706, -0.7838223102058229, 1.309014392347474), (-0.15663726694787267, -1.1119730432198949, 1.1411190385143992), (0.6400263247754482, -1.1047308928954909, 0.8494835881654355)],6045.718
[(-0.7030398031684013, -1.1941065141251936, 9.6318307666042), (0.5471543383133569, -0.9865456593303773, 0.9873122937067785), (-0.23099376190856652, -1.2471614782639826, 1.2832573534801395), (-0.5752874962969557, -0.39154121784628815, 0.787073600062931), (0.412288357122728, -1.1369741526711057, 1.4514199730692268), (-0.8488066385606313, -2.0545412979788957, 0.9064948657937404)],0.993
[(-0.010227321914386911, -0.8542089513695973, 9.601816958003365), (0.15188940672409668, -1.096631427490002, 0.6878665924389955), (0.21738160047101532, -0.9790099583848564, 1.0282273032723974), (0.0482414034125662, -0.36986744678129513, 1.0067673258133503), (-0.503192770671445, -1.0093565852218322, 0.2790481756736337), (-0.07741470982377996, -1.2317007822088768, 0.9532545348774689)],0.993
[(2.0567266840798, -0.8779574345943431, 9.918032622165647), (-0.19750060456238927, -1.0813402934590677, 0.7697086164249559), (0.011679189920291344, -1.1354030363754257, 0.9837928491306377), (-0.031145758152714188, -0.8380459416777621, 0.73250778537682), (0.18377231772392597, -1.1181701993824826, 1.201530401090795), (-0.0947132954533248, -1.1115630143045505, 0.804635100338506)],1646.26
[(3.2689029372032277, -1.7925153312620292, 9.410602305125549), (0.3468768313997883, -1.1525113016353163, 0.8781550115816188), (0.6118245968531728, -0.6203711698922096, 0.7047697178976395), (0.4092144492537124, -1.131074275938186, 0.9273724427428092), (0.44956497330709183, -0.8238498700071583, 0.7433588070824697), (-0.4820795945436106, -1.0820636388749332, 1.5999674166062392)],4877.768
[(0.856486478233259, -0.7830638656090612, 10.005670763889034), (0.6974013971306738, -1.0102149123507618, 1.3535911922243586), (-0.3281004044163738, -0.7596480733119882, 0.7720800926554634), (-0.7223406894657978, -1.0435064438302255, 1.5876445114102897), (-0.45119578826797224, -1.3918705087419596, 0.6700406822932106), (0.27235588270880684, -1.1942093897243462, 1.0409610855210203)],2368.302
[(2.330576869306744, -1.0982803323879506, 10.110439015753222), (0.40285137108741126, -0.8781100311622548, 0.4637861682379434), (-0.010792757709287075, -1.3580960459976157, 0.901544904782207), (-0.5590367442184708, -1.3662717794068402, 0.7887312069179548), (-0.05960752381534528, -1.0119701134048513, 0.9582439486618282), (-0.10253024308989751, -0.9319756622294801, 0.9885530931902164)],4008.873
[(4.707961882518737, -0.9074618986715925, 10.064726057918216), (0.5679568474416654, -1.556764785715393, 0.6867840509760683), (0.14566896252531822, -1.0463843484823827, 0.5514818705725092), (-0.7668294647352183, -1.1143301329354776, 0.9585896728404519), (0.16928459927870043, -0.8405596554652548, 0.7720111370781066), (0.4052545080332955, -0.8927922155819911, 1.4388987936128654)],12145.372
[(2.177916279447153, -1.3402538284978116, 10.024882593334539), (0.26852750266751313, -1.1451403668389475, 0.23747875982399103), (0.6259487425363631, -1.119255493399666, 0.9191314720367799), (0.19773448399843818, -0.9424166926999932, 0.6622289834147954), (0.35476531321161014, -1.113557902881067, 0.8140676443033941), (0.5156164227124154, -1.0346082989607446, 1.0569222386851187)],2242.046
[(0.3514556420351733, -0.554863625501571, 10.26177641142137), (0.9028486499313213, -1.4206757892597146, 1.160770192465782), (0.24048553347159196, -0.8609637398135803, 1.0463395915862814), (-0.3633313622269647, -1.3035271356321771, 1.0524749147971122), (0.012357410207518599, -0.8466125350638426, 1.1435560747405633), (0.3671120228047993, -0.8743338168535799, 0.4670805579305157)],1705.759
[(1.2168019880414012, -1.4404512568979646, 10.303478837250157), (0.3397319585600219, -1.3275578618500625, 1.17513965334158), (-0.3248690170463351, -1.2278984623665017, 0.7221840694862649), (-0.14214493861202765, -0.8803207989601018, 1.5293304788845203), (-0.5059144501462746, -1.3823215158351423, 1.0553756927681088), (-0.304428383828865, -1.2969197320332315, 0.8269732039536968)],1791.427
[(0.4495641913215014, -1.0784234335929812, 10.337970055649706), (0.29579231433629305, -1.0921954900199233, 1.1964054217897457), (-0.16575871469083636, -0.7687207708315481, 1.0164265120998135), (0.18107019721670864, -1.2166930453006533, 1.071888462490183), (0.4843085557008429, -0.7102733614280725, 0.9362253326367744), (0.5097839561137211, -1.075418122464691, 0.9813457098496712)],0.992
[(0.9697145109186678, -0.8418277809232599, 10.256297777297629), (-0.18462718304879, -1.1677817294990465, 0.5807037824922922), (-0.49335705008248365, -1.3007997150230672, 0.7824736550982956), (0.3577048049738114, -1.0324773048606288, 1.1739708701645502), (-0.9349964605048374, -0.6429088981347183, 1.114185897857501), (0.31112477203441974, -1.2629305518478973, 1.424549352139868)],851.512
[(0.1801560789865756, -1.1188592015476075, 9.63095164348718), (0.6592123718162843, -1.2256327611902158, 1.6717391345318204), (-0.209206490364105, -0.9308014337629579, 1.0235392059081847), (0.7377449496714941, -1.3325674259931684, 0.9347816668445494), (-0.2186377622002414, -1.3620313216213544, 0.7912420239015892), (0.38304341748955945, -1.6390683573327753, 0.6053986733272925)],924.58
[(2.333484778723334, -1.3363938126036932, 9.815460146362874), (-0.17177083158584905, -1.1227712144512352, 0.9512460188282899), (0.08841752740770846, -0.9101477004134823, 1.5547126374412945), (0.03128640081939861, -0.6470226505103829, 0.9432913936744807), (-0.254510813088171, -0.9880597766502422, 0.8255877944829229), (0.23915305185356528, -1.0708176984676057, 1.376931906037524)],1951.718
[(0.8085653148017464, -0.8521645432673359, 10.21479075843422), (0.9324018263564611, -1.3018834703770579, 1.1557643714533967), (0.5069038823425807, -1.2702448693337887, 0.2999207891433898), (-0.21304696437441517, -0.9290873211763858, 0.8150852413470732), (-0.7818755187483559, -1.2974128841790362, 1.115444689819718), (-0.2929143684917927, -0.7124623592613772, 1.6694917110350012)],2302.536
[(6.949420904773751, -1.1121604984158635, 9.951864745016083), (0.6769715975570827, -1.536164648001755, 0.9937603603665507), (-0.37697649803626576, -0.8281196156940589, 0.8227217796376882), (-0.5302955343422274, -1.0156960445930585, 1.161199200610137), (0.7895517003374933, -0.9735208587542081, 1.083768489066117), (0.4064742736903876, -2.0961260079672277, 1.3237645702137666)],26703.14
[(3.13840441528784, -1.418856941772281, 9.945221980077122), (-0.48803667962477515, -1.0325338550741856, 1.0344553220402632), (-0.1377474136791368, -0.7261952323505163, 0.5891824714676743), (0.5540521970205342, -1.3366636771295175, 1.7367980273078565), (-0.2692627485763183, -1.0625857039470197, 1.41310750015771), (0.1562554252706968, -1.400908330777988, 1.0105161682709567)],2484.413
[(1.786131495875431, -0.7553879730778312, 9.760661485345077), (0.37523684668637775, -1.0704152285402848, 1.4242437126113046), (0.004651478954093694, -0.7855243365920049, 1.4276717980245706), (0.6448976606465076, -0.9220750798664284, 1.403859236988272), (0.48094108953294445, -0.7846664835622974, 0.909640452880755), (-0.6752681744656419, -1.6230504900185936, 0.6300812913667264)],2206.193
[(0.29237164681296446, -1.2547410778400097, 9.614987958644596), (0.5131186416673318, -0.7586089514726428, 1.1917884394167593), (-0.6629583762388048, -0.4156724828098596, 0.9481481176960855), (0.7766200973629144, -1.0379473141182074, 0.7397308995929261), (-0.022061304300918808, -1.3402534652925215, 1.3028704399712834), (0.03369852750596311, -1.3441947913860828, 1.2233449494147055)],849.124
[(-0.546926728815244, -1.4857613264770537, 10.733952009395987), (0.5721649300103531, -1.1979547040917786, 1.4828642785669668), (-0.6816155804234412, -0.46958073280862, 0.8011958881454864), (0.4348488172345201, -0.766422246926532, 0.6350274544431576), (0.09065775220817134, -1.0638462406518758, 0.636204461949617), (-0.3412526310248254, -1.0253766480203714, 1.1883300741955602)],0.993
[(-0.27940873940171573, -0.5797272884503719, 10.133428354801135), (-0.11620877585296996, -0.46468453236898677, 0.9753625746983217), (0.27109849188738727, -1.271793305116331, 0.9293639088649958), (-0.1339166617241634, -1.0591705075207067, 1.1066108309646887), (-0.0854747923863514, -1.5722984753557347, 0.22889415162848448), (0.06676462542401983, -1.2810414332616498, 0.9936674883564014)],0.993
[(1.6572367315313992, -0.6902984249546171, 9.744398779299898), (0.35809308997277334, -0.7919258063313401, 0.7132911339971038), (-0.3386107421660318, -1.212937358310166, 0.7027968901494877), (0.12230183832155246, -0.7908284128934764, 0.9739479276307055), (0.14959687052142442, -1.2976336018696166, 0.32650920126816974), (0.45665551366083995, -1.249598573265078, 0.82336758184798)],2356.368
[(1.270606882622353, -1.1695013319220702, 9.661584360212482), (0.06572316185909038, -0.8149721770739419, 0.8650651161639802), (0.5965445352464155, -1.4916375580850547, 1.3433096525070443), (0.1287289562170942, -0.9854557601203747, 0.6486989396092248), (0.003387205419668384, -1.0691855631214253, 0.715131803655263), (-0.6103133802568479, -1.155038803760926, 0.7656546028566822)],827.881
[(1.5807240479317548, -0.7111377220888814, 10.635516757796811), (0.9705911841438233, -0.7117250811463163, 1.2279429634827645), (-0.2833845027349714, -0.9263907965471412, 1.138978891854444), (0.40912407805280016, -1.050673203512133, 1.4610180770320333), (-0.14774365887492386, -0.9219182332818598, 0.8816587886661409), (-0.344165158765434, -0.8846603771301891, 0.7611368857885812)],4303.249
[(0.2200728604637443, -1.0101153946262094, 9.71294672819269), (0.5780268754951633, -0.47151087198798847, 1.1982777516198304), (0.7847677435528952, -1.2339625747133705, 0.8178699742531075), (0.10021343318819396, -1.1600512715239062, 0.9789833934045071), (0.4343186325209059, -1.0861897157469307, 1.366824954904895), (0.1747772333773263, -1.1024496717520438, 1.3507231828758859)],894.173
[(2.1496160550321424, -0.9633510914659827, 10.284477539039862), (0.14970144642746613, -0.9420985371643209, 0.40109636204138643), (-0.19141793958890113, -0.7475024921259014, 0.6063511971727367), (-0.049163576404071804, -1.347465348547632, 0.9628726489444095), (0.8273603212133707, -0.5255431891331167, 0.8592370498289478), (-0.2493017377098243, -0.9924379138927758, 0.9975401585600802)],2629.937
[(0.27840005797772205, -0.5366738899684793, 9.909034136241281), (-0.33540698132302305, -1.36029360361072, 0.8024287258027528), (-0.549304311361359, -1.1237302123074848, 1.2665593227918555), (-0.08052812621797284, -0.5328451614758152, 1.3294961540046324), (-0.02949827772383278, -0.8262334209174841, 1.1997275534635534), (-0.3056787930024789, -0.939947193956384, 0.7475993581664995)],0.993
[(1.072275677205678, -0.3293285483370908, 9.914020111224017), (0.19664283622238998, -0.5773935767039162, 0.9374496026383657), (0.14929814476090114, -0.9762529294304394, 0.48232932174889553), (0.5799801376819496, -0.7256604785771568, 1.2336944823348446), (-0.20299833016366167, -0.9522611655847508, 0.5095648325050457), (-0.3162527690763872, -0.8672104854641265, 1.0497170988562778)],934.886
[(4.920811502559323, -0.8683133214245067, 9.973245032320673), (0.41892677817362756, -1.2844384379337759, 1.021353042538531), (0.5928052518485176, -0.773413260536833, 1.427214229554095), (0.1269640165188416, -1.629803073123296, 0.7989047466452719), (0.30942994812468483, -0.7152475466922894, 1.0588125355978995), (-0.10000933962217623, -0.7132942722114446, 0.5763814776112612)],10605.843
[(0.9295007378504216, -1.4500321005677372, 9.965167216359607), (0.36848985284211044, -0.9685273131023461, 1.032304573812253), (0.13632360352267905, -1.2167638361346598, 0.8395093948061154), (-0.20249856500705207, -1.2969198222286986, 1.3602929825425085), (0.11891959315940522, -0.9888915923017482, 1.2097127147922553), (0.3820375850907425, -1.3731826772995694, 1.5103882034994474)],0.993
[(1.6726356993292826, -0.84929774714921, 9.442941129520003), (0.3298188111525413, -1.2612976425292162, 0.6850768935259901), (-0.011504810775270156, -0.6501962519091988, 1.3364960241878858), (-0.3857139390905955, -1.8814764042103937, 0.6887399429524125), (0.2996218458687916, -0.854105965248498, 0.8946071759388969), (-0.12159161061129382, -1.5799701687646563, 0.7573322295909996)],2374.718
[(1.5543896931734609, -1.1362044045640602, 10.12382396510974), (0.7659373544396711, -1.1696322177337457, 0.6898635872892886), (-0.0008395563823902948, -0.5391472105076609, 1.1671982446916829), (-0.775414424066375, -1.1080508747244266, 0.8614325923250897), (0.16024273152032112, -0.5056554808900247, 0.8218839774293132), (-0.7874374517790237, -0.8869880019456864, 0.9402212532143812)],3393.137
[(1.2981836538740479, -0.44675582473161246, 10.071909535865096), (0.8878377407169378, -1.4104937328712284, 0.5460810206059157), (-0.4054874049261505, -1.6920105166592365, 1.1177535305058885), (-0.2778637335645506, -0.5693955306145357, 1.406391030665149), (-0.1588312210680545, -0.9881599015443361, 1.1334126713087629), (-0.299201065153555, -1.4050632989732361, 1.382765291477791)],2488.258
[(4.172450697032546, -1.6328936570771406, 9.75059597119799), (0.9501375132171171, -0.9987098982746225, 1.1363228130278282), (0.18713627775246572, -0.5181359641456027, 0.7769737742755362), (-0.09064248676252336, -1.0843931088349477, 1.2541612545671352), (-0.3465481516330238, -0.6253399526090102, 0.976895728263727), (-0.07321267240590024, -0.7843805924086176, 1.3306225651830805)],14798.305
[(1.4022517104530885, -1.1023344597656624, 10.171575276707562), (0.5465258449232256, -1.5014836157141733, 0.987176816478047), (-0.25491286517477524, -0.9603342785988049, 0.29894299559765625), (-0.3317261671784043, -1.2618020409964834, 0.6743453067727907), (0.3672962858723716, -1.5521270992626164, 1.0530991632113311), (-0.4348700615060781, -1.0996885520915982, 1.149667080319757)],2653.943
[(2.0205840963413246, -0.9205609170245974, 9.954178793400201), (0.3249895688522021, -0.5810108778187979, 1.2927997274157446), (-0.5909732802270179, -0.8414595312366504, 1.1258150216424494), (-0.3392831975012804, -1.318500010111545, 1.4009176428531243), (0.0022889701010205626, -1.3775648600614732, 1.1597371591241172), (-0.09185172872618641, -1.0931248840189536, 0.8130371470823978)],3491.441
[(0.15168638330325612, -0.7482596943177489, 10.168028776471905), (0.5348284683310965, -1.0244910954306128, 0.4673471867922163), (-0.34651731504584515, -0.9807833340667914, 1.1093089524799296), (-0.407564844977858, -0.7917654058473309, 0.9440559675937014), (-0.11279937292048724, -0.9961291327382377, 1.5426886515214773), (-0.29326695757056415, -1.2112190908218614, 1.3193761444752983)],0.993
[(1.6104432887674742, -1.1727510585549148, 9.526474608288886), (0.6954060962275972, -0.9615246090721707, 1.2783427890263575), (-0.39090857130024337, -1.1360045800734049, 1.1989439673225428), (0.10821650489518071, -1.1648632217273522, 1.0740186997177212), (-0.3483895815678919, -1.4299958320461772, 0.5587802353757916), (0.25723502750503974, -0.9854126368918562, 1.1487037953656634)],3335.519
[(1.9641703798534738, -1.1731117018697028, 10.02872290179699), (0.2144916468792824, -1.0241028021361123, 1.1252429678189622), (0.5710171895855308, -0.9897873010233971, 1.1058429966732388), (0.20652944644311103, -0.5852627738707924, 0.6110627580920194), (-0.7263067752336589, -0.9714526583870848, 0.5399905196136473), (0.29224334222521514, -1.1524932260949041, 1.5729247513289777)],1911.439
[(-0.6894996870405765, -0.9882686995022473, 10.20011048026691), (0.5863363820838879, -0.9314833612158313, 0.6308480347016918), (0.2568322797139032, -0.9197411072284987, 0.6488638582258726), (-0.2722618448256232, -0.8399454393293538, 1.2313458283827121), (0.6896883637657645, -0.8497074446847768, 0.7462875412339876), (0.13550315470872698, -0.5142369270536368, 0.8011398465631905)],961.483
[(4.194666567663548, -0.637357947367813, 10.33221836605391), (0.5606990343666587, -0.7984716286783602, 1.1150263287119684), (0.7064784682913381, -0.6543086941230849, 1.335110897465535), (0.7771140914658934, -1.5051815974188847, 0.8936298858743655), (-0.1043767059614853, -0.9241682931794527, 0.8469557702683201), (-0.5978975937107605, -0.8609740998941877, 1.0281025546612823)],9420.689
[(-0.6117795867393048, -1.1522979984320623, 9.618799307792994), (0.7780437981894304, -0.9073584851817273, 1.009546720624564), (-0.3717395626479709, -1.4915850121859333, 0.9411600781660215), (0.3273918187555013, -1.2137667903538085, 1.2773092267182806), (-0.45412260844889096, -0.8516525581817187, 0.8923320635852302), (-0.8646186248705292, -0.8113725432333585, 1.1468458006626994)],0.992
[(1.91333132498507, -1.0321182085915075, 9.743973192212211), (0.06780526425525635, -1.1097213144638058, 1.5588384236503345), (-0.02794474714230305, -0.6074724662766833, 1.0498438889660515), (0.09372813834563679, -0.9834830143382567, 0.5407848223797709), (0.12262305292600646, -1.0294400128053933, 1.4998768353885115), (-0.32539214807084105, -0.35970692147217564, 0.7248987572711473)],1893.698
[(2.9462948749726436, -0.7296996503162961, 9.9784201564532), (0.15281907415146934, -1.3776302918997039, 0.6219048926962647), (0.30374684203759206, -0.7754951617313579, 0.3834693625034252), (0.05191879059068682, -0.792014788633644, 1.0113803821662932), (-0.38390312532284676, -1.0682113549933887, 0.6621535148342301), (0.5712031135054894, -0.494784204968874, 1.095268396426707)],3614.182
[(-0.27095851164571694, -0.8474253810152009, 9.572365981803495), (0.8710311133941012, -0.4801303396520248, 0.8765986934780731), (-0.0471811694886438, -0.7128606896572842, 1.3682019592537817), (-0.76040312532032, -0.6080647318957634, 0.8484657895632509), (0.5419433050346355, -0.9944193185406969, 0.4343498364026388), (-0.07527805665065294, -0.7266280107640462, 1.325978842495004)],1542.918
[(-0.5517487275302642, -1.0325058760643713, 9.929665573104185), (0.2484867127985258, -1.0098673378943013, 0.917610378885648), (0.19565842625273935, -0.45452870629375, 0.8153556512686375), (-0.34418616869065904, -1.2266450068966073, 1.4585501884712917), (-0.21969624450315908, -0.8824943279735832, 1.1085329574193712), (-0.1542261530525387, -1.1641501983664666, 0.8730382030574126)],0.993
[(-0.6561647136565054, -0.9893183870345443, 9.78358603626161), (0.6112326879904945, -1.2467009176699095, 0.9918988446023727), (0.14739350137112703, -0.6996367362339653, 0.7639480936215765), (-0.11421634191246915, -0.990049791964851, 0.8035435393963684), (0.1876772508547764, -1.4402283969404854, 1.0813884177923803), (0.08454544953596575, -0.8604321533160908, 0.96076427939174)],0.993
[(0.09857004681610382, -1.3557838391846484, 10.119182717553677), (0.17825313352315303, -0.8547460193295457, 0.5104362640019482), (0.7046542182441644, -1.5149317953667158, 0.5474735150632735), (0.5893149700940257, -0.4386467458789286, 1.0628765613184705), (-0.2779553620121504, -0.7914176292879715, 0.5197980557557441), (0.08730221918858139, -1.6163134165349335, 0.7874009148637584)],0.993
[(-0.08930522803843788, -0.6515090409723276, 10.598351597051117), (0.7651760486817848, -1.3252901638514158, 1.1058159005295465), (0.12303571524773659, -0.9715256279238458, 0.6668861150066403), (0.06928540579355962, -0.3955675622662619, 1.5519307420593167), (-0.29437763202151207, -1.4435025864404452, 1.0153274880677252), (0.5280751880217106, -1.148301135132603, 1.4528010788549335)],208.437
[(0.10094154056486893, -0.5557293946781423, 9.957232167537468), (0.5247992078469267, -0.724496508455817, 1.3940674445654175), (0.3328064658486879, -0.749394648851998, 0.3869290993839195), (-0.5952096757930949, -1.0151785465992458, 1.518065350613377), (-0.6066325319661894, -1.1863353727755541, 1.4453056729218525), (0.07235972429006472, -0.5482064380064459, 0.5039036939633734)],948.461
[(0.9547628995882346, -0.5240540882564826, 10.257903458999824), (-0.5120315109918503, -0.6099184766202244, 0.524290726682983), (0.03082780255612698, -1.3940085727655143, 1.2352679627798058), (0.49240978776995176, -1.080616421311868, 1.0278949925718983), (0.45187251274316886, -0.8981169509636509, 1.1153461425768851), (0.10745949631461071, -1.1801917439485106, 0.8404133775130644)],482.999
[(-0.3138084666694392, -0.8164927980795095, 9.714194611613072), (0.11651885897533498, -1.4191384207789748, 0.5351324883845177), (-0.5731871683621794, -0.7015056449776385, 0.9990575928812987), (-0.17274932097249177, -1.2861121101455952, 1.3831070154993619), (-0.28195276745823117, -1.2835605581361387, 1.3780482525706654), (-0.39118534536740535, -0.8964916434057089, 0.8327047428597308)],0.993
[(2.2568558559711116, -1.0637020229608238, 9.58709099461979), (-0.686345583205609, -1.1496384788858625, 1.199157740110567), (0.6247057329805314, -0.9236380959467271, 1.062773101671841), (-0.0036540365518208566, -1.819836457321704, 1.1135147663002247), (-0.28281493315603096, -1.2806222501390334, 0.6445497230979295), (-0.261821078879245, -1.6168206782150705, 1.981062026174037)],944.23
[(-0.9836701802483976, -1.1191879856328881, 9.980201255465415), (0.5580615572419487, -1.0251018961523084, 0.23406250691780328), (-0.3017455381906381, -1.2681070118568427, 1.150817262154696), (-0.12155743683246825, -0.5651169986658033, 0.8011232738313302), (-0.2317594421466337, -0.8234907722904021, 0.6992336030237486), (-0.2910541167193561, -1.1782907254129782, 1.4379495664638802)],476.664
[(1.083557978476827, -0.8805233698256073, 9.821233334745994), (0.8014169556844835, -0.874588561613368, 1.480928466110363), (-0.10721223773858092, -0.934643400563993, 1.0066497242773662), (-0.5958752007444319, -0.538467527425287, 1.1949125522792365), (0.659217191704268, -0.17001486278964173, 1.1732677512641239), (0.29685555231187827, -0.7343518677947873, 1.1122702496980919)],2743.474
[(1.282624676971642, -0.8487830935284736, 10.519328568576173), (0.7338673238154779, -0.740696837597201, 1.0309097152243545), (-0.22739045545317182, -1.2250343266451313, 0.7650847085589635), (0.0726058292095289, -1.0274851011352417, 1.0376027112804054), (0.39346341397683743, -0.6497897762412259, 0.6135229342348024), (0.11590469979068954, -1.43661837632603, 0.6139153014278127)],2666.293
[(2.3044509991147253, -1.3019753518523125, 10.283312513056911), (0.45381804431988815, -1.121575970543313, 0.7764244712125529), (0.14920985206962575, -0.7042308279002525, 0.6093864294159991), (0.28291571609061444, -1.7745904083751345, 0.7994607237065702), (0.7146756900126993, -1.2168332943554514, 1.3153777961307032), (0.5119425312712939, -1.0014747847333145, 0.28213536884766255)],3433.307
[(2.6705563021833036, -0.9693148618442152, 10.264006327418684), (0.7813077750269486, -1.2616209534230478, 0.756329346562841), (-0.4807920944392619, -1.0327750575233632, 0.4620643827554253), (-0.34710391047226963, -0.28037218871397285, 0.2717827544613619), (-0.7888700910076052, -0.44944190796230554, 0.9016728807580249), (0.3941018539684673, -0.612010027624547, 1.1280857902674881)],6908.675
[(2.056934276208837, -1.0092037135681713, 9.903520305367737), (0.5861392074028355, -1.014821891837412, 1.5873461009242786), (0.35857605271211057, -1.0075197454591254, 1.2315323923436334), (-0.03653621349019817, -1.344285636742215, 0.9719507071949495), (-0.6116556996295928, -0.6296196111322936, 0.7113339789346111), (-0.04999340189886887, -0.7062909813137408, 1.3539502496465796)],3495.925
[(2.7501977528304575, -0.5314426011500768, 9.87065026472698), (-0.015700572306520222, -1.142476263768882, 0.8500397382964099), (0.09914201453549497, -0.9083143048370201, 1.0019480108186882), (-0.03565746551812071, -1.463791367426055, 1.1579033181592375), (0.3663643639271038, -0.7722678000041191, 0.8747086222837958), (0.6680266909554633, -0.9505733426482419, 0.681836362015497)],2932.907
[(-0.31015582782244056, -0.8617821271394952, 9.923896172491228), (0.8561304903189587, -1.0346968683282862, 0.6453909590493778), (0.5589474632317988, -0.733971344700593, 1.1309597069188027), (-0.0032922584262374058, -1.055944974272853, 1.1832525337315316), (-0.13970805186199883, -1.1989350089963393, 0.9686410250838222), (0.2574568420649396, -0.5864036380653319, 1.1864508652737955)],878.628
[(1.420451616029677, -0.6190402300047382, 9.706842286971384), (-0.23041926105593946, -1.2509304189230592, 1.0395083469901303), (0.8951682919417887, -1.0944369953743907, 1.093348573836475), (-0.4289784404563003, -0.7114433979274142, 0.46301265985882967), (0.08215992658379637, -1.1528469584152359, 1.1445186079494412), (0.18408195424222767, -0.9866294382095824, 0.7928903136061068)],714.091
[(1.4605924639033465, -0.7641840152998938, 10.076535603035682), (-0.11898242839996565, -0.7327266616577041, 1.2122254975108655), (-0.48126916964270705, -1.2619954824323698, 0.9941138749463594), (0.021098583535139482, -0.8481357261734233, 1.0291743312251016), (0.6913888491190571, -0.9132657467092201, 1.0573092795790178), (0.06061329456665957, -0.8749496329575522, 0.8694613965697178)],1459.768
[(-0.7493545665858725, -0.3464722339169485, 10.09596916411269), (0.6632297844716362, -0.9767982315603488, 0.9283811198767649), (-0.2266858206251554, -1.1731853227198248, 0.8952552213652576), (0.10691677122198173, -1.1066742462564927, 1.4318173376825762), (-0.192984030912568, -0.8612922043356471, 0.9348333301138245), (0.09475073283699949, -0.9676960123189815, 0.694703740490245)],0.993
[(1.3326027341661497, -0.9061628762134686, 10.533919715492846), (0.7992111658486977, -1.1072068878090058, 1.1426981709453135), (-0.43356233642296826, -1.14354089335401, 0.7984002543783336), (-0.8191527174001116, -0.5220277082210545, 1.5778866404987997), (0.21308487743087634, -1.08881168280588, 0.7916015704257208), (-0.12310360286900945, -0.6331164741625559, 1.392087815657633)],3590.144
[(1.6135429886754133, -0.8946307483899216, 10.349848477797702), (0.3501263826848294, -1.37672475749655, 0.7652401503957967), (0.06643979215264334, -1.3042500236074168, 0.4584205767881119), (-0.258969056824706, -1.05293903873689, 1.421499589992039), (0.6324904690802826, -1.1762790255179187, 1.2762173584523755), (-0.09113116018238433, -1.2442216330406253, 1.542440488311703)],2165.097
[(1.7681052526577843, -0.5996612300159236, 10.063958908607828), (-0.3676397103687008, -1.3323837435175925, 1.0423505139481473), (-0.49278748410991435, -1.4097791520894785, 1.0013657636816824), (0.23862687101619195, -1.1561984165297685, 0.7272808386660533), (-0.06770528096094747, -1.0479660777129185, 0.8980253759560368), (0.21451506008769955, -0.9349017643999074, 1.390262329704084)],1425.86
[(1.0300062522990439, -0.8689152930810401, 9.952116440471512), (-0.19802893072213557, -1.0778177063653407, 1.4950958573847144), (-0.7060502599974011, -0.9924005334769533, 1.0022130223725931), (-0.008770442072526257, -0.8589713833538717, 0.6444127809566895), (0.18668327963334483, -0.6733369710013253, 0.5024802519308038), (-0.28257159215763233, -1.203151790062797, 0.9169799065184089)],1164.088
[(1.341267385996722, -0.6212205608936601, 9.95280680608327), (0.28256239560083274, -1.1048265793178336, 1.4150059081936694), (-0.808650911693104, -1.393294634635268, 1.2223612417532759), (0.3155877323075593, -0.6627003323270628, 1.2804629039370239), (0.33695363157017927, -0.6045594360834561, 1.1241998316231894), (-0.2629144348350736, -0.9420345131394998, 1.0899544868169468)],2001.186
[(4.684022349263594, -0.9442214339064608, 9.972076145551869), (0.0936412170638784, -0.8789351397338635, 0.9254888314962175), (0.3531086277881277, -1.1313697272774894, 1.3838507723504843), (-0.19220201066512113, -0.1691048964207844, 0.4103491112658296), (-0.2719191674912275, -0.48760793014793036, 0.948983113443198), (0.08675218409667129, -1.1780434343632882, 0.9209599619796085)],7487.763
[(-0.8687857455014811, -1.3728765424254543, 9.597365802129405), (0.3594764134070641, -0.8088074908654134, 0.845465482805496), (0.5527756910101935, -1.3536667978977033, 0.057342027919800476), (0.08935619388767736, -1.2671208703280166, 1.273600039023503), (-0.5758589859130809, -1.2716604264104499, 1.5187237225441723), (-0.2537255902467414, -0.890386734692777, 1.5200811169500796)],2.046
[(0.47654140335326145, -0.9533428871476108, 10.239131207984691), (0.3344823453297224, -1.1945863954544582, 0.8873516127298254), (0.283879725178944, -1.197772408948903, 1.048284803728307), (0.5132612653236793, -1.0231036250463343, 1.219790168889618), (-0.42622400561627444, -0.6338477336200922, 0.29772291631250636), (-0.0492407553224872, -0.5688286753262124, 0.8137656888822127)],0.993
[(2.1176851141203006, -1.2474978900097415, 10.273997527456805), (0.08214163539222563, -0.7455921687531866, 1.132228573391308), (-0.007645949408919233, -0.9058325716800126, 1.471548694269874), (-0.027427272340902437, -1.4418652513598493, 1.2439370775257719), (0.2659912437393154, -1.3270671269676486, 1.1458265260247238), (-0.28225992795173677, -1.3892923599928522, 1.4298635245362208)],2259.08
[(1.952633960508238, -1.3949057176489879, 10.060351565671619), (0.44200947854079975, -1.0932857069334703, 0.8376399491058033), (-0.48948520643644855, -0.7952847756131768, 0.9222581356812104), (0.3533456775668706, -1.7602712701189707, 0.674570843883041), (0.5651082350447327, -0.8941228900602457, 0.7036815025913001), (0.17341883365724792, -1.2133629416103442, 0.525189466878757)],3123.693
[(1.3823170524060537, -0.4856056305814884, 10.216149950277295), (0.5090996510690996, -1.0627458383310218, 0.8488353123246096), (-0.11083235125831137, -0.9395133603939851, 1.0605903734428836), (-0.08516239223830423, -0.7797219078247563, 1.0707564376760113), (-0.24838657309017462, -0.844181950629586, 1.0719560274899076), (-0.39775587411780267, -0.5303232912996261, 0.8607215336043568)],2248.046
[(2.0988527180594376, -1.135676227025525, 9.806422239097442), (0.35182037317396414, -1.5306345308132703, 1.1168588025273287), (-0.32263085547128956, -0.9415847003634242, 0.7287448132827884), (-0.13420786615258792, -0.5992602182204579, 1.505625008396276), (-0.3004190468128755, -0.7669324131904023, 1.0615586439164293), (0.23147157413310834, -1.2208702114249055, 0.36689074548287437)],3289.049
[(-0.4409395860960703, -0.5585688564239948, 9.468001446272623), (0.8260167310625092, -0.8358114627293753, 1.4726594235278754), (0.6240263601018001, -0.8658431231494991, 1.1528106630923263), (-0.07494022978024024, -1.199998362040377, 0.7823563866496228), (0.1380859694269362, -1.0993636796421862, 1.2234057125441011), (-0.36721200684382055, -0.7106485435471603, 1.1433796490262909)],1390.034
[(-0.433463282598298, -1.0661945757655877, 9.744764367162318), (0.565473537912383, -1.1871935170657766, 0.8164773241919155), (0.5482455151723662, -1.1577989833775222, 1.2123104344366247), (0.24042538034692107, -1.1761811197793182, 1.2074449509531917), (0.1728859011338716, -0.8977528186707082, 1.6366774228864003), (-0.4800922672762668, -0.6976376476275771, 1.0585064604330434)],761.32
[(1.4244261418138153, -0.8623509871180127, 10.125127752631473), (0.04567335850652793, -1.0133501376765315, 1.3616457518421496), (-0.6822507359392747, -0.9279319240222018, 0.6862567478609316), (-0.7669909802974141, -0.8704861714094122, 0.7510915185793816), (-0.5993916270381003, -1.2374879188774464, 1.1982924960486505), (-0.6305612696979557, -0.87043330432315, 1.2633489914954497)],2338.035
[(1.8031267395857364, -0.6707983037303387, 10.101026349250489), (0.8024717568374842, -1.1959593650963567, 0.9959749092133496), (0.08196709218054102, -1.1387506830117584, 0.8734299372060363), (-0.12758242574090473, -0.47509031824180525, 0.6718367026425649), (0.003919375055828315, -1.0041660840028224, 0.9965096389643584), (-0.029458781671605122, -0.8857886101782387, 0.8424672877384107)],4168.965
[(1.9240542617168965, -0.5273382436489473, 9.878951003374176), (0.8061465110909274, -1.2956164987896255, 1.220638559386786), (-0.40541956622820413, -1.096279855662033, 1.1066582511165057), (0.24674904459245758, -0.30001428290759813, 0.8379926953228454), (0.09584229147687656, -0.996395528410198, 1.1375505767488332), (0.1781188830211673, -0.9749707845793385, 1.3511980818638252)],4568.17
[(4.841040379626849, -1.4064581625791166, 10.169762112131663), (0.22037340340443262, -1.7997110418498035, 0.7891438203241309), (0.3501462153335999, -1.4903330393118743, 1.2830369360304041), (0.06048014707589189, -1.4046196246318785, 1.2798028343680923), (0.18485998053916294, -0.9130175851668567, 0.8758442493977876), (-0.2968083887819828, -1.1020387223556716, 1.1679286288524369)],8788.03
[(0.11900522082887677, -0.5573866756080602, 9.625806757744522), (0.4326181045870085, -1.0450296585435885, 0.7147954463967529), (-0.5658577210020932, -1.0536095132062675, 0.8386080058420934), (-0.17150830761815453, -1.4043040752321427, 1.0954956137563783), (-0.13780294980080218, -1.1528292441136805, 0.825511975638792), (-0.2329562301663148, -1.1910723449989533, 1.113885240547212)],0.993
[(5.826796835447656, -1.0736295081260634, 10.234085798306198), (0.931067570132999, -0.9218949844178511, 0.6873441059579508), (0.3965528477785761, -1.6804407438389544, 0.6574210590839955), (0.5614211488279325, -1.306607523983377, 0.5606201357724535), (0.7999594701557592, -0.6125130384481903, 1.2123505479537295), (0.3627909810407702, -1.4539946096041612, 1.0665269072861583)],19085.829
[(2.7170951071758873, -0.5119226570973237, 9.366369849792823), (0.7659931187565509, -0.7606854060346431, 1.3576597679957456), (0.41987252602220254, -1.1416130648609315, 1.6212433593394313), (-0.21512617364487083, -0.9982237739511535, 0.3434283561988004), (0.17847559030890492, -2.01382360696005, 0.2323191011090101), (0.03347169873769529, -1.5316631007367043, 1.4362485344252902)],6368.5
[(0.2577322268761356, -0.8336456109025407, 9.836970103665935), (0.5882943489428513, -0.6616256010042973, 1.0179728708396745), (0.36920306517158813, -0.904621053838276, 1.2688374172791579), (-0.025695588377816422, -0.5992052398226456, 0.972839407594335), (-0.001246455763896857, -1.035973417123539, 0.48068058690623905), (0.12520721977497826, -0.9082663661354609, 1.0613541629499168)],0.993
[(3.0450090019136944, -1.1538604429400392, 9.386750662524449), (-0.23049616443926768, -0.6944207929757877, 0.4950236553414451), (0.035787073054599106, -1.271775735650975, 0.3612109622726858), (-0.11002972823815252, -0.8369174098051932, 0.9422230133850863), (-0.16310850332437335, -0.8751262871527375, 0.8524796081853223), (0.2328975646599409, -1.119842068546712, 0.6945154660281985)],2941.399
[(2.523618752074199, -0.7242242444288053, 10.29319698267245), (0.5111192220312604, -1.2771412513863662, 0.9228319350279407), (-0.22994888755118503, -0.8382527953304653, 0.805315234047731), (-0.1862140008250052, -1.0702860672785222, 0.9090789723661973), (-0.25435959184372336, -0.9189861935368644, 0.9704293026991654), (-0.14777081598109462, -0.8316922792505071, 0.9533958371042148)],4789.236
[(-0.423110548953868, -1.5060457620075374, 10.077241441265635), (0.12321962207607601, -0.6168961459577675, 1.1976303774629862), (-0.5927245538080625, -1.0485720244938586, 0.4881285119298795), (-0.0353555957320112, -0.6056571105080137, 1.5484957837593367), (0.2774762292019281, -1.226569324699017, 0.9349670889597578), (0.3867063373554819, -0.9573309052982212, 1.017796753330333)],0.993
[(0.9558757044068605, -1.4349900277337253, 9.92022501386618), (0.568011524157677, -1.0776202013323137, 0.9585715496694382), (-0.5408660067606822, -1.3520760506583338, 0.9030914695049028), (-0.5589827648592254, -1.0845398161433821, 0.43269348704324473), (0.4771565325275684, -1.5713597074498962, 1.7860324866845845), (-0.025943820089357278, -1.3399694819919274, 1.0933272485477252)],2297.527
[(3.8406678906266314, -0.8580051398676685, 10.339895885290911), (0.6620540056281392, -0.9990118252293558, 0.966558246487783), (0.03070941294418692, -1.0594116258267352, 0.8744075125031567), (-0.26262190740558594, -1.2528454971986658, 0.6158899123712371), (-0.21604976744794194, -1.1789733421408901, 0.8943220783931418), (-0.34644773520603117, -1.5244763398543482, 0.6762985807991544)],9720.561
[(0.8039038933606721, -0.6364911545922014, 9.915060814931893), (0.7113258964735563, -1.0950540569878822, 0.5764144673183382), (-0.046614944316995074, -0.8486972003896698, 0.9902597232358485), (-0.010752624650732175, -1.0912342074655195, 1.0130136476670937), (0.15315381703897818, -1.2475217434456705, 1.051345456022803), (0.16700512973191572, -0.8886023295784106, 0.8279153628654512)],0.993
[(4.754542122522557, -1.0765041997856766, 9.275641657607794), (0.738841002852655, -1.0220591543410686, 1.13487320526531), (-0.7479846491402729, -1.8470786052291506, 1.4425706422671536), (0.25098687331441993, -1.1170729865383755, 0.6928578766147584), (0.4805433203277524, -0.8415859599758178, 0.9798635526524692), (0.23757124053067386, -0.9533797801795001, 0.950453438471102)],16368.997
[(1.3654176528948985, -1.6426880294146278, 10.080452892110848), (-0.23921100705942, -1.0034698682909093, 0.9840713574720098), (0.1636026152942609, -1.2606450837213676, 1.007724762111612), (-0.37539207935180613, -1.1511349528542878, 1.25489908581401), (0.38444038284978155, -0.7945163409981925, 1.3501011815356918), (-0.6129520700291732, -1.432686119851752, 0.963555760184504)],852.745
[(2.3117137802292236, -1.3784252766471252, 9.999833868531434), (0.5811504093586323, -1.2910781199989234, 0.8780283875117519), (-0.6257816828096547, -0.5759938827970088, 1.112341602136521), (-0.043221190857824665, -1.225208958764148, 1.2484985109829634), (0.39674517606677684, -1.0692449603535148, 1.0180903914652768), (-0.4807259801177455, -1.2292222462332663, 0.9391610032792769)],4851.116
[(3.0317717030522267, -1.1666152547625679, 9.775576982446363), (-0.3652911208350601, -0.6662586934153423, 1.0784846925013238), (-0.062387312891642656, -0.9016245809354064, 0.7189329373260747), (-0.12952528194372567, -1.3115427869166125, 0.9833075804287823), (-0.7896878099422784, -0.7299588095970835, 1.448175117646903), (0.6932658817444943, -0.9605629044265152, 0.5748014683971104)],2707.923
[(0.11645165357024378, -1.1188466079776267, 9.98223034846576), (0.56026693179179, -0.8558527067060113, 1.3828193263405884), (-0.05703309325150268, -1.0766156979411758, 0.7214043894208917), (-0.36267805387791846, -0.4546081336245108, 1.3494728522352273), (-0.10893097289016372, -0.6546446712771259, 0.7159683574397953), (0.12267545893753856, -1.1942921207593693, 0.6178000035693475)],0.993
[(0.7792292757581303, -1.1163958957981182, 10.230131013511873), (0.5187301140618534, -1.6310550504802328, 0.7852667069219369), (-0.05424008521095116, -1.1671024485399992, 0.7802013594513693), (0.12376525198202484, -0.8176017475470119, 0.5184953531143142), (0.10153687387492141, -0.7486032217525518, 0.6934993133347409), (-0.4511630999475159, -1.8179688597225245, 0.567141236121879)],0.993
[(1.1418250272587642, -1.0744109276117115, 10.469703414319559), (0.1536523156552626, -0.8841640982009257, 1.0491048314156954), (0.06566757441911253, -0.7039459090125092, 0.6600734144710521), (0.05023305714617045, -0.8864294459168655, 0.5744388388242452), (0.20515036598623834, -0.9515023529328283, 0.26851388544806976), (0.19291784717895905, -1.1493136245524007, 1.1571778404639792)],0.993
[(3.987671774111509, -1.3997944182546858, 9.822807170229394), (-0.7814781638319676, -0.3089194469665927, 1.1836780580253536), (0.07306328184083363, -1.1544828549890838, 0.9821038403893202), (-0.1196311471277955, -1.03940109546521, 0.6915987424573877), (0.1878757973871723, -0.8638299181731703, 0.9459806620360138), (-0.33463449782001287, -0.8201686661754874, 0.8877055705097301)],4325.716
[(2.259545312786269, -1.1222025428660998, 9.930436333748837), (0.3597555480470144, -1.081422176800122, 0.8912092115471718), (0.4802705057800989, -0.7323957301050996, 1.0698743307538718), (-0.9301811336392332, -0.6447034112636574, 1.3076548767287228), (-0.009182487956031068, -1.2035331956482613, 1.4896632456832999), (0.06459937181783783, -0.35112309579069, 1.0030905570135735)],3286.098
[(0.2101401574617343, -0.9252400749168541, 9.23521507260555), (-0.1223422307311417, -1.8043272581361398, 0.9247962169810633), (0.42560659541148843, -1.0350536886845494, 1.440334277863316), (-0.09366075300017292, -1.0253023974608608, 1.9024169926966392), (-0.1653296845287291, -1.3741516040861796, 1.3096903774118942), (-0.02333238666587491, -0.47883215233305776, 0.9842573913954289)],0.993
[(1.2202729230490157, -0.6783547311913064, 9.962027263005295), (0.04666228279313922, -0.5159394073207396, 0.7772353270950635), (-0.4384315455334209, -1.3549698039981957, 1.6947211632901054), (0.06430375001270076, -0.6856810911811793, 1.1938809979866865), (0.7174617619312218, -1.3398356190181777, 1.1781845851644759), (-0.04034416995561388, -1.0026119475726112, 0.656164160411701)],1335.807
[(2.7921034378779144, -0.32598742377268175, 9.908633207986172), (0.013421796224399651, -1.0853426037166423, 1.0501734761495525), (0.06709754169721928, -1.4566041399858514, 1.0716937599536571), (0.08080040648646497, -0.7356008539950403, 0.7786792667967588), (0.16255545076887074, -1.1140285139458705, 0.9910164025503242), (0.1280365266009399, -1.0226271134745049, 1.0366594891302956)],3051.99
[(-0.11703448458940335, -1.3592215096494331, 10.315015062649174), (0.8471199537757003, -1.5668121541859055, 1.3476877570952623), (0.19022410908133555, -1.494885932029273, 1.094234919805563), (-0.4148465331112868, -0.7892682845522176, 0.583105834055907), (-0.041635258817820486, -1.2221621167185008, 0.864555801300274), (0.3508574986512586, -0.7387774086298959, 0.9942048677485767)],1360.005
[(2.6544908086964973, -1.3314615927427615, 10.224104525899325), (0.9375065181869787, -0.95272745967753, 0.6024364302337191), (0.17678382086614852, -1.2756062927936438, 1.293770254868214), (0.7421553079934308, -0.7766031686714562, 0.38184673885039644), (0.82648871685846, -0.46238792212381485, 0.6773567846614674), (-0.03791161456028922, -1.2626705948757173, 1.2380595801305974)],4853.849
[(3.7231184036826535, -1.2262304835703275, 10.734093447049215), (0.6009811991368005, -1.119867727462786, 0.8197870206346742), (-0.24137013492815068, -0.7396328936147876, 1.220143666698924), (-0.034409463156006924, -0.9963299477840054, 0.897840119449641), (0.2273746910277643, -1.0209829628659322, 0.8206870049266827), (-0.0019273271805811656, -1.0344218988374765, 1.423020906177854)],8968.643
[(1.9393033561927289, -0.6957787114721152, 10.233269390164597), (0.10913871505618594, -1.363283507833033, 0.9576168818998243), (-0.29460758442784385, -0.8003846096245105, 0.5438530378024853), (-0.25826775651773387, -1.1871247415422381, 0.9140808194756092), (0.38829627451016163, -1.0011380336486078, 0.7649965736576152), (-0.293001741172487, -1.1284716468478786, 1.0180997948428765)],2450.449
[(2.7135903998236697, -0.9817593723583392, 9.591988731934196), (0.21552039980261384, -0.9291308141837342, 1.255691986723185), (-0.24660114485888074, -0.9415958512406081, 0.8983310158680037), (-0.22999378572315618, -1.3676346642492612, 0.9296755417823387), (0.0701845047226162, -1.09591837560604, 1.0230589623620612), (-0.8362774757304042, -0.8582120116702097, 1.1719816503718006)],4024.526
[(1.9010737956857107, -1.6588711805122114, 10.115710243117492), (0.3631292106615871, -0.8445760707206209, 0.8167172517365122), (-0.45959207340727665, -1.0451269819313764, 0.8294660856765705), (-0.465295777858169, -1.1872783604175547, 0.6779484157139941), (0.6088349826083621, -1.2163831019053633, 0.779478747539766), (0.1758467402537417, -1.2498877621468139, 1.2002532938846577)],3365.566
[(-0.03551506947322358, -0.9658916761380127, 10.612150648282213), (0.49824898423859443, -0.723633998737953, 1.7346543990015024), (0.2417918689860914, -0.710800482445049, 1.1819427014228427), (0.17586080159151754, -1.5416348604669459, 0.9854754648915279), (-0.3841058717061765, -0.8531480393411948, 1.0882443122519208), (0.3261713994423114, -1.138261154154593, 0.9701852305684913)],0.993
[(0.5320900135700329, -0.689152869019408, 10.063069298477041), (0.29034468616700837, -1.0483316688251907, 0.9475229327695698), (0.5006316711712511, -1.0962580510269453, 0.7847736347723003), (0.1182020654661729, -1.308472482075976, 1.3619288988284064), (-0.44124493883955784, -0.5817611688436493, 0.9498884190602881), (0.26511158308559324, -1.192740123421288, 0.2665672124486055)],0.993
[(1.7046929648968354, -1.2122475757297408, 9.77602710329172), (0.5439749608569485, -0.8779996775976773, 1.316705506140647), (0.5881932883028353, -1.1553742206192208, 1.5339121438667136), (-0.5059837659583809, -0.7327935900366096, 0.9514534820364228), (0.13609283352561316, -1.1875799232368174, 0.7628496483301987), (0.40729760082539795, -0.7342614099030076, 1.1426530204726226)],2710.492
[(-0.8122953220210185, -0.9933954788061384, 9.85038486071561), (0.6943616011447253, -1.25691234255315, 0.8894989418246747), (-0.35634601861003157, -0.9184275730963843, 0.9305969682008352), (0.19153271651285736, -1.6982308752251072, 0.5679894106364041), (-0.054539347397489446, -1.128208914219898, 0.7470447173998358), (-0.05286113888485623, -0.5745619828366986, 1.0426391744906311)],0.993
[(2.499024571079399, -0.655542194309343, 9.993382839511522), (0.49227465622225075, -1.1380138658525931, 0.7661316000674506), (0.2695881477179653, -1.130177154839532, 0.7871544355923548), (0.5421220735188401, -1.0993456175787393, 0.9735112047234996), (-0.11676148154160981, -1.348226171716094, 1.1237195617113773), (0.26382500837474715, -0.7112012670703644, 0.5919980107936593)],3898.594
[(3.3112168775274906, -0.5183662638035718, 10.050341257729457), (0.05109093435372214, -1.1992851048616133, 0.8107870114735406), (0.08003818302200791, -1.3126546128264263, 1.1378067190356602), (-0.3455852156393229, -0.9252241752682094, 0.9478164787717354), (0.06786016358125037, -0.9177861511248366, 1.5950387948420426), (-0.3571163772488671, -1.108913775650521, 1.6972569442275787)],4388.388
[(4.49448957134118, -1.0485024171951631, 9.820963943980118), (0.5631495001724767, -1.075478872864113, 1.5336042016708094), (0.23345187722157634, -1.5363891620306185, 0.42891087436399866), (0.34311242616962107, -1.2938093365334613, 1.3687230215404256), (-0.0797596786688468, -1.3407700089103272, 1.004107897249813), (0.03477960130358103, -1.0426925042413353, 1.27770128077503)],10895.657
[(3.8652329145928164, -0.807293296440935, 9.9094691354264), (0.18040815588731923, -1.3361144506732667, 1.5557778922923493), (-0.27118795422595227, -1.4608257060370358, 0.7560498833345546), (0.5575134364535842, -1.4130717979349905, 0.824532645424715), (-0.2425451846033779, -0.9683338308785437, 0.6114157987082088), (-0.48113456543015815, -0.4395309714582232, 1.3194750112261413)],6253.812
[(2.2309267905115933, -1.2148716145391325, 10.178165347632229), (-0.11555233083689331, -1.6675221640187248, 1.2724380963614774), (0.3487117029867109, -1.4997506217469243, 1.0611505134477697), (-0.29391533565948075, -0.9606684820003064, 1.2044591304757417), (0.11436470916249371, -0.9448501196402092, 0.6073271744046874), (-0.47835083259836453, -0.48619302508025086, 1.1890434059168984)],1853.896
[(2.850781551905381, -1.1460991664596751, 10.239773179210081), (0.5027415576282974, -0.767072330847296, 0.6409428093874254), (-0.41008848309756685, -0.6554255018922794, 0.9536451915439317), (-0.37552320324763305, -1.2296103582903395, 0.3519577906214916), (-0.23710691390585414, -0.9407906881179734, 0.5645146241691057), (-0.15569280318963594, -1.384287894834657, 1.2221924118668162)],5941.439
[(1.6950443729541753, -0.6253456547011416, 10.098515244349034), (-0.16406649087455194, -1.6001677480975913, 0.46730980522570886), (-0.27872601365770805, -1.0798636426199146, 1.4215981066441863), (0.5286597300701418, -1.2232278978278197, 1.0422266459458103), (0.38479349865862517, -1.302847063506466, 0.8486202873628632), (0.31511047308671297, -1.2259379250382365, 0.8466313250472096)],1357.907
[(-0.4771359128339969, -0.9137215476754378, 10.363981521771112), (0.14668016203108708, -0.9871597199451165, 1.11316078077184), (-0.11661493980344743, -1.1531168883327931, 1.0962096679561357), (0.09599236652957642, -1.4780206311979622, 0.9815155576788394), (-0.21291108708588694, -1.1786950637779805, 1.1573700726324099), (-0.024039248379485307, -1.3423890589697607, 1.7036569541880615)],0.993
[(2.6227004640267406, -0.643160363999443, 10.018097680569456), (0.387638516269062, -0.7515037955882049, 0.3088878580110971), (-0.1706610258924619, -1.0460025578581762, 0.8407539439484699), (-0.09560623896321033, -0.7225175195757587, 0.724619916062508), (0.33567327850183504, -1.15779494695794, 1.1358941291975622), (0.2459421276807246, -1.2822227956178578, 1.1387233700064017)],3976.281
[(2.580606216853542, -1.0129465286854846, 9.480888981713193), (-0.1540847380868101, -1.0278612387402843, 1.5530512135703438), (-0.6106098828312823, -1.1951911898392371, 0.7655230042507697), (-0.4747584001223369, -0.979900808003356, 0.5634869678776548), (0.3273803633427279, -0.9203920013386815, 1.7508015942749153), (0.48051301918762035, -0.9717815824872587, 1.4870113855417186)],3259.91
[(1.8588404267420517, -1.2661481216150061, 9.980508742279854), (0.5701960611270818, -0.3579824673127481, 0.648766402643993), (-0.14194624755878105, -0.29796426638435036, 1.3270475070427765), (0.10115320974766451, -1.7138489634896583, 0.725173947082047), (-0.5044231217758056, -1.0521265342663852, 1.0048485319817853), (-0.08214348045278912, -1.0701901250531085, 0.9510801955315249)],3237.025
[(1.8984508042240469, -1.158097095927737, 10.675623430451635), (0.1924965817235386, -1.3120955680131439, 1.341551275185954), (-0.2757272795392968, -1.1434719313823576, 0.7982502712253998), (-0.18346085773664658, -0.51795728717191, 0.9541152688830468), (0.030548239633551674, -1.5030167219229857, 0.7167616513015111), (0.13633187769597768, -1.3231511528445659, 0.6986163375538135)],2507.117
[(-0.13095008127625163, -0.6429031589004113, 10.357153350048886), (0.055257345054204154, -0.9424503118063328, 0.9171832622038337), (0.006882596808572297, -0.7639739391469209, 0.8880939873075764), (0.21163570737517043, -1.0808149322090121, 0.9122063255905184), (0.07423950244112419, -0.91798157042731, 0.826310775855719), (0.5750316366387416, -1.1970914233223595, 1.1767897821411675)],0.992
[(3.6642006852955578, -1.2626951363852614, 10.192142225663703), (0.030175704184167262, -0.9406995187955128, 0.9341893253830396), (0.5124246414701995, -0.6902326852254752, 1.0207107866585754), (-0.13776188275945103, -1.080196169716643, 0.7076239849404109), (0.23657748631301823, -0.9981611437530554, 1.4536870667778934), (0.21177363444298863, -0.8313161798146523, 0.7776809113852375)],4534.13
[(0.25739003992483667, -0.7575590827627099, 9.95223269325603), (0.8624289299961743, -1.0117813664798943, 0.8989800562187273), (-0.6735991638844816, -1.0615216670720466, 0.4659889766186853), (0.31637071918903836, -0.8813658743648045, 1.3868094040365269), (-0.07383841701058058, -1.331691102978897, 0.8093308121427346), (0.5528171774542548, -0.9362578363355026, 1.084434820520566)],1675.421
[(0.7270067734337327, -1.226121487372393, 9.971132955535724), (0.9170694589683639, -0.5739609446744677, 0.975480288632001), (0.4003250070390678, -0.5192473649721063, 1.1101825073475518), (0.47771698339074176, -1.0117800569306932, 1.002069677939376), (0.06959525988345744, -1.352751249623682, 0.26540350883463815), (0.7488806319036674, -1.012189622010323, 0.8760870114817609)],0.993
[(1.5971379750315517, -0.9227733568086436, 10.031260486770766), (-0.06891013552388003, -1.0169336524877295, 1.1312215404745403), (-0.052638802642800485, -1.1611143617448203, 0.9033099261350686), (-0.8830379730204817, -0.9103686669751303, 0.6108815438600296), (-0.30443246795631346, -1.538477021375848, 1.0321106968888518), (-0.486515036680075, -0.8870503563580573, 1.4751297940820258)],1778.041
[(2.056161834846254, -1.1608324081697785, 9.919120660402635), (0.5954672695520487, -0.7016877579550018, 1.225241524344681), (-0.6907844162477674, -1.3358263307805869, 1.10569729063808), (-0.5739859245423479, -0.7212431495929181, 0.5358572708901403), (0.06431675186298028, -1.1513597076480169, 1.3299457882648924), (-0.46132024642491176, -1.3423414410314183, 0.9095757771347956)],4919.099
[(4.772916107683941, -1.3472337748801257, 9.89212375974464), (0.8689493919492275, -0.44153590669974463, 1.0858394551290138), (0.1636551436306018, -0.968220768274022, 1.5166206460972904), (-0.2690885803554568, -1.0030080018151688, 1.7313639745345637), (-0.8808704829960736, -0.9487864238058787, 0.5472636690041527), (-0.24572072656862015, -0.8145370765041176, 1.3910488095210551)],16660.91
[(1.2536346095845938, -0.6958223483323986, 10.275517829843723), (0.7325865477154136, -1.2170186456685415, 0.9855644606306004), (-0.8147579321444397, -0.9866588859581563, 1.3284745344322095), (0.2686146888489726, -0.7281523326332091, 1.0629209375397535), (-0.5177499921756339, -0.8990610044940653, 0.6355814156322075), (0.8301541820912632, -0.7110792494195215, 0.9762869303060095)],3003.233
[(1.6609824484603022, -0.9178708314939157, 10.429671715675209), (0.25646811978494877, -1.1569872623469695, 1.4593110447683881), (-0.3276457223392844, -0.7700743750261707, 1.3303363710670009), (0.608298857491484, -1.6574707691961463, 0.8606790361386861), (-0.44704038220950615, -1.3238253902670003, 0.8402326188452585), (0.6107815291189026, -1.3609787535198343, 0.7647643051817149)],1933.888
[(1.284061574919825, -0.7566733932056857, 10.47395362048415), (-0.5973954977879673, -0.7819358944168087, 1.106658873086153), (-0.6861619932225473, -1.2925590043508355, 1.2672357456583008), (-0.19452827891447141, -1.4775153097868001, 1.1426339647688029), (-0.16288098711487356, -0.8162397095527063, 1.14079587576721), (0.39588458186953357, -0.9788845655643895, 0.9633247754336828)],1149.82
[(-0.5709824712023723, -1.2059060065923113, 9.921987851188508), (0.828518056315064, -1.2053323247415515, 0.9897785696009848), (-0.14951666034013839, -1.3569199706989794, 1.3651516284989946), (0.4162195143370279, -1.500721259983771, 1.3583792779503974), (0.3809766755617607, -0.7503614567531954, 1.2611277645911307), (-0.18423869870632384, -0.8255951063239011, 0.7374535164677614)],1037.264
[(0.3452396208129328, -0.9742011194412175, 10.077283359355294), (-0.04140511894909177, -0.7470628474096737, 0.9284449890924147), (-0.2693115642692557, -0.9671558748846352, 0.9409993583990288), (0.4024772609871943, -0.7523484239813504, 1.220739918772475), (-0.24268667402077979, -0.7745970599769858, 1.3445858607779568), (0.18163971650384422, -1.231390239708225, 1.3793765211844957)],0.992
[(5.017911224760876, -1.1207070649571265, 10.35767409427348), (0.9070663375492448, -0.5848638654392002, 0.44010916624136853), (0.1618807471374195, -1.1376878096068843, 0.7956169166107022), (-0.7498799243956003, -1.2642066459200916, 1.26349890696876), (-0.23522846737379577, -1.0444526425241945, 0.6485465747445222), (0.3329460909089712, -0.6196545830851063, 0.8846721479729417)],11814.82
[(0.5143568628635354, -0.994760876093299, 10.202672468665064), (0.5572677623320244, -0.6149719589840164, 1.3019521630755175), (-0.3101397096133021, -1.282100232521012, 1.8555979670930998), (0.7216235062802094, -1.2446189094405786, 1.2575921962694643), (-0.2125843701672966, -1.0506448621914704, 1.0999077074620747), (0.35856595811591885, -1.3600780512638548, 0.37874765295075763)],1018.033
[(1.3327336646012338, -0.6934994245165618, 10.24050606980094), (0.1483478032346472, -1.1069856458253402, 0.6528508293130846), (0.3157828689224756, -0.8143517316924559, 0.7177243749113764), (0.7384752043145688, -0.5859073337522254, 1.0642001455063097), (0.4189873298040576, -1.089886146065193, 0.9517691383419241), (0.3445066160245244, -1.1828946510978766, 1.1035000559306094)],1157.225
[(-0.1847894016575924, -0.696317362285084, 9.954082331641281), (0.2899566815400121, -1.2082841702850935, 0.8799030230010447), (0.08427301007033011, -1.4180586610435848, 1.2271760920206096), (0.4869541063128237, -0.8477408100400855, 1.0336664290517281), (-0.05914934209752523, -1.1204934904869306, 1.0308582788099454), (0.21987287070902473, -1.1990870964469957, 1.0691739460803187)],0.993
[(-0.3054466019656856, -0.6039966317981835, 9.473951837513082), (0.372038190267996, -1.4742569878968075, 1.0685828554674033), (0.5114054489665465, -0.7661870153053265, 1.349825138743209), (-0.5456580104149313, -1.34661098263218, 0.9159293292704602), (-0.07656149243818139, -1.0641914440047109, 0.7327454399290039), (0.027371302519809168, -0.5632956624944698, 1.2531411395871779)],762.086
[(-0.49724911666642657, -0.966063027388222, 10.067357683909124), (0.48397012478156887, -0.5943641001993434, 0.94708072665074), (0.2688280291361008, -1.085410298574911, 0.8347057930714304), (0.3939422111407389, -1.3917642449760335, 0.7975986764849627), (-0.31443379615117395, -0.6863973771431946, 1.2697912757298409), (-0.5968210027788461, -1.417269045640531, 0.6073914049950275)],536.595
[(1.0936908171863777, -1.0445061486009244, 10.125680764815078), (0.46564582992417436, -0.8514090378009573, 0.7296762702997778), (-0.05405063712652263, -0.8809633511998682, 0.8526628531181444), (0.06330355900761431, -0.9838610244009091, 1.8009412819595925), (0.0687422806946935, -1.2341676813401894, 1.4690767845655965), (0.19008360208705655, -0.5279990972165383, 0.92715655944436)],0.993
[(0.035115377516220514, -0.4259420772950513, 9.962266882889148), (0.5537895686187615, -0.6106836721111186, 1.7867198419197086), (-0.6760620699063298, -0.917018948007832, 0.5340214737119682), (0.23749331934990808, -1.5851229809133838, 0.8001686798725691), (-0.45946122937684963, -0.7716700565057099, 1.2840841508606695), (-0.00705261044130176, -1.2033010231942658, 0.874923584016467)],932.558
[(3.603794052890078, -0.8317474311508671, 10.504964065234493), (-0.11594723885214542, -1.1404101716590407, 1.1096528247393675), (-0.6404235173420232, -1.285119718063216, 0.8039839587320003), (0.22069149704917979, -1.3146776540739795, 0.4672173123868487), (0.0045814992103062864, -0.7000519555157521, 1.451427664193691), (-0.29240078256649554, -1.1248167206104052, 0.5712573583986132)],4816.773
[(4.970373567614786, -1.0746854262080578, 9.683333789685962), (0.887993843978697, -0.6421359272079067, 0.777877557657259), (-0.154514966631787, -0.5236042242849819, 0.5933166335398004), (-0.015581805419319781, -1.050937460193182, 1.2670746426572819), (-0.15633998570539565, -0.9887204715955705, 0.8887853788215301), (-0.6082390109280698, -0.9609452923651026, 1.1324966863024233)],16542.188
[(2.18411634664225, -0.874194153941638, 9.613061684723583), (0.43405419418573954, -1.0674699572165982, 1.3633942549920706), (0.831725493567363, -0.6175667258894382, 1.0847459920549625), (0.3008944115843974, -1.1874295623761923, 0.973233936718572), (-0.15121398927700558, -1.4054342076843447, 0.9665851261074216), (-0.15574653766317192, -1.344989715958012, 1.2658610094488418)],2863.501
[(1.6744900101006712, -1.073416351476411, 9.969158561617759), (0.5363258738770307, -1.688370082248787, 1.0271832133464947), (-0.45472364459243964, -0.7946018895629137, 1.1369881238794144), (-0.27481399313351607, -0.4433519107164884, 0.9634298825246002), (0.11162024125519338, -0.8454070981765763, 0.6524924832780741), (0.30718228701268985, -0.7446977341866448, 1.3994171288772481)],3309.195
[(1.1142017005046803, -0.8492747637413212, 10.360771913658963), (-0.44792442808568855, -1.0854442519144722, 1.12383620898245), (0.23630018424634255, -0.9536175428542281, 0.6102999543373275), (-0.6745879044562919, -0.9851648189624981, 1.2417859606596657), (0.4159656251960934, -1.332821461188102, 0.7066422579519103), (-0.29359913464616333, -0.8163916711893215, 0.8149319804896418)],579.919
[(-0.3981029455762424, -0.9144606445361472, 9.958854614900197), (0.2743979105399123, -1.181973246519706, 0.8729351961966411), (-0.08935818392174598, -0.7351764264887135, 0.6432038193540823), (-0.30378239281169506, -0.8238566127304398, 0.9506718169120937), (-0.5853101735980987, -1.1641640603008931, 0.8267994624934173), (0.055682775359114436, -0.8449361357892929, 1.545945462310337)],0.992
[(2.5265152541565388, -0.8063844913896497, 10.170259112620846), (0.1181315499113797, -1.264941964899924, 1.403814592439156), (-0.6509081634639878, -1.0885961823218782, 0.7242710951936546), (-0.532088825130525, -1.3090327815323748, 0.6740122027933066), (0.45633478099599156, -1.2722141695443332, 0.7214301117203965), (-0.7153824565037756, -1.8102820228729892, 1.063026674272033)],4005.079
[(2.0241750991314458, -0.9333417369857027, 10.201612010732225), (0.8625953161623171, -0.6944184242176176, 1.405068077476458), (-0.23760862705415195, -0.9488770566049429, 0.3953077662578319), (0.09049595894145002, -0.9488755596098226, 1.1995093847781773), (0.8205783199222655, -1.2744613867362704, 0.9975543889775594), (-0.046483604713119096, -1.469257557933183, 1.06784185121545)],5160.131
[(-0.3592322192115156, -0.9616405061735666, 10.30400580091247), (0.46834926974277447, -1.012455389700182, 0.10805991942688786), (-0.3108493778958925, -0.9186304992534582, 0.7493375989542229), (-0.18211661037401425, -1.4170187878470168, 1.3976409074969012), (-0.013113888832418739, -1.6209601942341165, 0.9715136984931846), (0.25313065328208273, -0.9482658156406926, 1.778080830163482)],0.993
[(3.1847048862816147, -1.0594176762516176, 10.583326229434093), (0.454774978544573, -0.6646027158853358, 0.9117779326415039), (0.04352014515738669, -1.2874721798550015, 0.38648506911021274), (0.24562539220246002, -0.7804393063275473, 0.9796532904324853), (0.3155420844040172, -0.9834475743241045, 0.9900745086775362), (0.5788625952706264, -1.1560561776284122, 0.7581309839462654)],5696.434
[(0.8615662213617481, -0.7483154254609988, 9.63541440811714), (-0.3335536857901725, -0.7476962851933775, 0.9418682460038076), (0.2009037766354085, -1.1400036627751138, 1.1827143927757653), (-0.5836607189113996, -0.9019631670096184, 1.1693301393370126), (-0.15992971676953205, -1.1612100645314776, 1.0866075882973585), (0.15343916901112217, -1.0262483798543187, 0.8221189583547532)],466.025
[(3.6166380554788025, -0.9222379955626903, 9.787490893218731), (0.7686967643598387, -0.7649603682510631, 0.6773994867265025), (0.3878021693125383, -0.45398879622241584, 0.9770859303572538), (-0.6740921505455012, -0.8714067405924952, 0.8258176452956143), (0.7947810438616149, -0.7753782127672983, 0.6063426973700956), (0.3934822697326488, -0.7199976402748939, 1.2522075731539144)],8724.803
[(2.3821120876090602, -1.3983631774897596, 9.406418303453101), (0.2632490762939168, -1.1180419214167026, 0.5739988804084488), (-0.591740095263293, -0.6699623502542076, 1.254490492805736), (0.29418631545400453, -0.234669822599876, 0.9108011824709313), (0.35936371691872254, -0.5068513510905884, 0.6811408067673315), (0.013939445880858273, -1.3879575295956257, 0.7727938103100951)],3552.827
[(3.1796022905056613, -0.8882559468119825, 9.592725790150283), (0.6851299457172298, -1.0537932557251024, 0.49848766497900754), (0.2604457856410232, -0.9738737525261297, 1.5677817537212522), (-0.03636765238487461, -0.830497348102604, 1.0473598296382276), (-0.1774540173046603, -1.2057138588721839, 0.8580723028031952), (-0.21597675925723314, -1.4990589910732184, 0.8425243516830456)],5803.855
[(-0.8574203933234488, -0.6213304319036325, 9.943465462741159), (-0.172364022255864, -1.201016502797422, 0.5090922709632724), (-0.20936457263150313, -0.5202903953875297, 1.3087480819328254), (0.4899772441839681, -0.9905391365977755, 0.7243226939357745), (-0.3917006038404906, -1.0510194583028967, 1.0721244108194272), (-0.7173417601395548, -0.8780571296887169, 1.3221465393960679)],0.993
[(0.6265548087659827, -1.1094876115909098, 9.90750761165486), (0.24464116287223303, -0.7139070743200383, 1.040405150674552), (-0.38723960246757594, -0.47253025366341195, 1.428957591769016), (0.02955237804914066, -0.7631846016390772, 1.1201374641818076), (0.4121767511390167, -0.761899569320994, 1.0667066308586346), (0.1039475925332047, -0.988751303268033, 0.33767157040731743)],0.993
[(3.4218527665664062, -0.9922405164929592, 9.688485606192602), (0.20663460444386023, -1.1216825293698158, 1.0350044427171783), (0.8868896298583959, -1.052808044680202, 1.1981637037747213), (0.10806867428674592, -1.098747182700888, 0.9898166873614914), (-0.18715898886501048, -0.5084577075848355, 0.8592043893947263), (0.14563518652842725, -1.0748689496965969, 0.9981662486600257)],4455.467
[(5.038533784579915, -0.7592261649438912, 9.629556018667536), (0.9633796206242794, -1.1053330420998388, 1.2608807183582829), (-0.07986363141393767, -0.7232869258732412, 1.0459364788162797), (-0.4596002716271043, -0.9396954167873118, 1.0268938523132487), (-0.49979787506005907, -0.49497385483390954, 0.9315636173220457), (-0.4135014929619467, -1.3247004266440743, 0.7488435336772556)],20548.406
[(1.2781525245456375, -1.1635973915747055, 10.041972472243573), (0.2823757162842466, -1.5675690807790374, 0.9512042856030778), (0.36061569894487455, -1.3755687131147503, 1.2240074295610535), (-0.08562831843018333, -1.2880738020936835, 0.6571351074756409), (0.5721979750868603, -1.3138926968570175, 0.9494883380980109), (-0.8756722659768412, -1.7896127958393149, 0.8644051224518718)],1217.941
[(2.2389825959312373, -0.8216995261815574, 10.125181286664905), (0.2867146272576069, -0.8958092196702088, 1.1382273084223797), (0.024567648925259204, -1.399230474410292, 0.573565864277116), (0.5129297928586594, -1.0659969914272882, 1.1036632453736825), (-0.22631462598482838, -0.36199124166310426, 1.2052694771646355), (-0.7406999466350801, -1.600483233721132, 0.6519313667736224)],2748.667
[(2.02269202088136, -1.2930244452215227, 10.040588326042398), (-0.03260950312103983, -0.9891882224028822, 0.7965522444693853), (0.14460495722704889, -1.0899188265515853, 0.5881084380444328), (-0.4975556157821358, -0.891861018888735, 0.8689589916142602), (0.28806584772342786, -1.6143434207969183, 1.0669977043819439), (-0.19048679666650373, -0.8380565955651259, 1.1281245563456364)],1990.283
[(0.25, -1.0, 10.0), (0.09, -1.0, 1.0), (0.36, -1.0, 1.0), (0.08, -1.0, 1.0), (0.75, -1.0, 1.0), (0.0, -1.0, 1.0)],0.993
[(-0.1, -1.0, 10.0), (-0.3, -1.0, 1.0), (0.1, -1.0, 1.0), (0.02, -1.0, 1.0), (0.75, -1.0, 1.0), (0.0, -1.0, 1.0)],0.992
[(-0.1, -1.0, 10.0), (-0.3, -1.0, 1.0), (0.1, -1.0, 1.0), (0.02, -1.0, 1.0), (0.75, -1.0, 1.0), (0.0, -1.0, 1.0)],0.992
