[(-0.49742888994220974, -1.085573355975514, 0.5629475658553579), (0.04121748012470278, -0.8079461402218827, 1.0333078312061994), (-0.14033195695325815, -0.6597742811179776, 0.6802049004822903), (0.20831670401641952, -0.8985718785421454, 0.6869227483323226), (0.08773221666264436, -0.6131511956880109, 0.5816430169496987), (-0.12298446221159483, -0.727158191728372, 0.8669689634965149)],1658.017
[(0.08243252888568132, -0.5876286331021564, 0.8096655721130893), (0.4439900176172604, -1.10282517249914, 1.3277718772282643), (0.580354577454712, -1.3263928614855482, 0.7002751846010133), (0.27100212499161147, -1.0913920159475274, 1.415345159242968), (-0.28307738927709697, -0.5885565924671069, 0.932259148158929), (0.49538483586514465, -0.4369305943020896, 1.3131926326994314)],5.063
[(-0.17215566339783295, -1.0287591527520565, 0.9160199927014483), (-0.04520022286056247, -1.1120536608958203, 0.693154441659543), (0.2863048882632631, -1.1232172404296303, 1.3418182476401062), (-0.6249911855497232, -1.071277055705815, 0.6920531152646221), (-0.37255887117637293, -1.3462508049249036, 0.7044474432925842), (-0.7972991401613855, -1.2352771499649762, 1.07821283807196)],1.661
[(-0.40841602233473173, -0.7459501568371772, 1.1316725088082653), (0.0035535760702162245, -0.8762456119787047, 1.0581260967978006), (0.4522032399286189, -0.9948833984999825, 1.1233529604827133), (-0.5183222284882335, -1.4258626366208997, 0.9127294961297583), (-0.45327693652681716, -0.864598927695611, 0.8045745964334978), (0.8495035131048021, -0.8426406064015574, 1.2464108321191438)],1485.227
[(-0.23923067170078172, -0.9202370087731616, 0.9333282702302983), (0.18037560594656166, -0.8566296271835341, 0.48193727875922154), (0.07891177222846751, -0.8256990240560261, 0.5848752244792681), (0.6414858474076875, -0.7834492274651483, 0.8884658913731953), (0.11259423030453353, -0.841483373763979, 0.9767553123398897), (-0.36912020074442164, -0.8368220941947772, 1.3383288139969047)],1.661
[(0.8691910532304125, -1.5131203622157257, 1.1574254193591333), (0.5724798107846584, -1.467745580384308, 0.8458050146659443), (0.10154996430375027, -1.0168044108672107, 0.6613026996214899), (-0.4192830012576943, -0.715591680252746, 1.2106713985751003), (0.7268623025957045, -0.976519470504459, 1.3476084668194561), (0.018662199296833906, -0.7594835515413514, 1.2465637025278256)],17442.927
[(0.1322615511901515, -1.161242596988202, 0.7798169280320741), (-0.06702791589597662, -0.8790388318935056, 1.2619768566116956), (0.17681363370579598, -1.1075642517564421, 1.3637689864623195), (-0.3259872427757454, -0.8003055164023891, 1.4004687911980978), (-0.11349172626641485, -0.7148638956188657, 1.4651657543294492), (-0.41711610677571687, -1.365352256107556, 1.3783868180220438)],1.661
[(0.4862209774546597, -0.915718942240157, 0.7163078607715796), (0.7313200451826503, -0.9838415414351112, 1.5139601657265), (-0.15548708570245873, -0.8956012454001595, 0.5309763090747054), (-0.16114895639726362, -1.0197554176925994, 1.7531313135429754), (0.669098770030922, -0.5597189604418313, 0.7532503456791871), (0.28646954622186793, -0.6177010379856639, 1.3244259995819117)],1.661
[(0.4594814733824905, -1.1346599439752647, 0.817541077291195), (0.13081344832114078, -1.1813112705395792, 0.8929118164898426), (0.02243262056716238, -1.0658261129059876, 0.6630776808110455), (0.5645742615255802, -1.5947881288701105, 0.9187543149306594), (-0.30565273193825154, -0.8540771600109696, 1.2366300292736372), (0.34857291141193647, -1.4398194699526985, 0.41160524764004414)],1.661
[(-0.31735923788400155, -0.9707555205091962, 1.1056411632109828), (0.1780086959690863, -1.0561380436519672, 1.513707736186448), (-0.4405386651472102, -1.1183019888869714, 1.0302448598928986), (-0.35913922313956353, -1.4857995668103012, 0.19306713899453332), (0.16985395154632246, -1.6309881209716202, 1.5657860097184482), (0.007512915156374783, -0.5461663448819967, 0.9538541344729901)],1315.766
[(0.3416435535590602, -1.0578409108190563, 0.5799672773575919), (0.3573135144786524, -0.8634592722241989, 1.0525370661879812), (-0.04849376712039547, -1.7843235682583212, 0.7740642664410056), (0.4354099966813175, -1.0695472749999282, 0.826887641943808), (-0.06186786080123691, -0.5352269648108343, 0.7653247087482253), (0.3725143457882776, -1.3855457203162025, 0.9495806672524616)],1.661
[(0.03447922880886662, -0.6616630018848773, 1.0521423631880262), (0.8740701353574183, -0.7420090813252449, 0.7318917732558579), (-0.4311747690198324, -0.9471155912089775, 1.2058579699402237), (-0.6123691780958924, -0.9718030097730137, 1.2911883290443205), (0.272465495872775, -0.6047702477283534, 1.1455490360450429), (0.2991083089962675, -0.8280898234609084, 1.0919259257870353)],1.661
[(-0.034337464659490516, -1.0354437523840276, 0.889799131343556), (0.6049123553990073, -1.20422124925646, 1.4009387288548627), (0.04156779868929801, -1.4050845778527106, 1.549388083303528), (-0.03399056762478526, -1.0988539466988319, 1.045250442306675), (-0.4363028761125636, -1.5048798397808136, 0.7578083116088499), (-0.2816739315880879, -1.03238541298051, 0.6684092559333855)],1.661
[(0.28621137187563545, -0.9419088639661546, 1.3492279147058064), (-0.09485843858271925, -1.2970463733314517, 1.5477741781038876), (-0.06537830852257723, -0.9929843240531684, 1.151869184344947), (-0.3696325133867342, -1.0163763001875157, 0.7249342675992978), (0.8000820749726938, -0.6597878819045682, 0.576840737137798), (-0.6730062349045938, -0.743658357994875, 1.0738026888554941)],1.661
[(0.07368625401780587, -0.6026169066645499, 0.966046925396455), (0.15752436761560207, -0.8406653606157325, 0.8980496294611338), (-0.12108997399344683, -0.9471320931744679, 0.5595609222761577), (0.6070961232609924, -1.6505842767451344, 0.6273445820237811), (-0.2138870004745339, -0.8774500358338723, 0.5419622537651059), (-0.35767107736785064, -1.6769631328439165, 0.9510206940906377)],3.432
[(0.6021606462794515, -1.142373070067741, 0.6320526934072219), (0.02338112944638221, -1.072033232622226, 0.8080084564378195), (-0.14652772728998434, -0.527367701775037, 1.1738976281765432), (0.04551023376504992, -0.7487644643088291, 0.6058796457027005), (-0.2585565916463725, -1.1359357016123117, 1.318246543634932), (0.04452449071022208, -1.2485204914865748, 0.9786850142231124)],7652.949
[(0.2974652180253905, -1.5319350400546283, 1.311932885737062), (-0.4612802199820466, -1.5629295022098777, 0.8122577625832965), (0.6815859446723029, -0.40217184623745306, 0.6299533651997047), (-0.23467315424690743, -1.0562210248624924, 1.4911033470953565), (0.18278125414392055, -1.0693382630693913, 0.7477523999756928), (0.05494263718706216, -0.9308205367021974, 1.1612837611728464)],1.661
[(0.5518283665986644, -0.5749138940864176, 1.1214696505067592), (0.1698141540158724, -0.2877320003230823, 1.0949910515131045), (0.3227794724356769, -1.1842446627688141, 1.1900915357680233), (-0.2596834929814675, -0.9233333005721792, 1.300231494826761), (-0.29305207979135134, -1.3639952875826868, 1.1214685450943895), (0.3770155974730528, -1.21566407512318, 0.8161271739840069)],6.863
[(0.010036372101352928, -0.8795556192158245, 0.7304600708243816), (0.8452107994903142, -1.359193953697113, 0.48905372216556475), (0.3151769755854818, -1.4846906918421352, 1.0558346606161237), (0.2628265513985928, -0.9419322566139554, 0.6923013505317657), (-0.5829829034808419, -0.8024632520250469, 1.0047547677358777), (-0.1714410772189823, -0.7461594923965394, 0.6674652371850898)],1.661
[(-0.3130854268793609, -0.7866754748955356, 0.8678703860828123), (0.8870130041530804, -1.2067619369504132, 1.7161386792262658), (-0.3251659607417574, -1.2430224602371331, 0.9277187304367029), (-0.038265145031848254, -0.8819230022817657, 1.4256805852313976), (0.0679985548125137, -0.9484869665873653, 0.936062756110346), (-0.3736405207324563, -1.6088656191604138, 0.9848787536999207)],1308.151
[(0.3685811459503498, -0.555963406659914, 0.819988761786922), (0.29660689274391416, -0.7179271154347259, 0.47451237850001426), (-0.9701026814859219, -0.9025645450735966, 1.1474145784934877), (-0.35180321389305, -0.7955947241417687, 0.7997437235419769), (-0.26375431227927554, -0.6171046293019582, 1.0595654183070946), (-0.9215422153261366, -0.8897555396321304, 0.7095043911105601)],10.265
[(0.8503044427271966, -1.191048619686856, 0.8980016180936902), (0.674889221172342, -0.8136682884621926, 0.4527870499733839), (0.3132516949377999, -0.5960648414563697, 0.715167620991584), (-0.12679315807032573, -0.4648550863396107, 0.8756719781798535), (-0.22463285534314414, -1.2664831415871767, 1.3227249566456916), (-0.12286802323112676, -0.7388944027627693, 1.058360369554393)],16497.706
[(0.4861886145236196, -0.5796802848459783, 0.6121455713516408), (0.729871006813853, -0.7701519291346628, 1.4981234236553465), (0.21457072647952918, -1.1139657949960458, 0.9967569155924528), (-0.8332839766280634, -0.9788135702865158, 0.8598368727025354), (0.6084497085494893, -1.59350175265507, 0.9375472796874356), (-0.5304374148210639, -1.4097203436281933, 1.6382194438915954)],297.834
[(-0.2668233102912183, -1.1425661062245471, 0.8635997127660716), (0.3213110379889716, -0.8492299811838869, 0.7398326173017151), (-0.37199251721746907, -1.4392310886582007, 0.6867108625851412), (-0.36582136069438315, -0.9967127242772365, 1.4390123959049261), (0.8552538945989575, -1.4784497738196811, 1.1683714208767286), (0.2327671177258991, -0.6038285205998193, 0.44256969398236645)],1228.598
[(-0.09297836336924502, -0.8139290641109513, 1.0000769143588297), (0.6161200174893641, -1.059659448660899, 0.8306114850174238), (0.27133028388931396, -0.7707600164195807, 0.9818469971687357), (0.4189601021405473, -1.4610036080472664, 0.9129135814062368), (-0.3518152224806836, -0.8942764199447096, 1.065436247588191), (0.08686408420366717, -1.437199194958673, 1.2469790758183252)],1.661
[(-0.16377567401202325, -0.976043614888782, 0.8968433837121341), (0.3347523566990913, -1.1467643211608443, 0.9625439127087945), (0.24349751316890247, -0.8218696729305711, 1.250603695664859), (0.6328595728911649, -1.200939754387836, 0.3881108312979198), (0.6434375961385961, -0.5128239932682412, 1.1506990725486006), (-0.5402610632275853, -1.100647937738094, 1.0940336785759173)],1.661
[(-0.0009712511992711059, -0.8147664183513657, 1.2644744762252964), (0.6175495358663341, -0.7356346871894337, 0.6013344396287194), (0.41032682637392104, -1.125836354933551, 0.9194230211814753), (0.23951323420354276, -0.8781800584629711, 1.0301197051955877), (0.9238913845460281, -0.8518832385543799, 1.0950611613672452), (0.07754228198783755, -1.4622186006397735, 0.8108334397476581)],1.661
[(0.3046486875564166, -0.9134947829184912, 0.5003867914897286), (0.6972471287130899, -1.0859857876479508, 1.2129439221209515), (-0.16117426937456972, -1.0137361616896554, 1.387510481024051), (-0.7733128075177934, -0.5413931041673232, 1.2070769607762566), (-0.33159521597155317, -0.9262667667715102, 1.2779379549370258), (-0.19143801106457958, -0.7094625870047385, 1.3352053431505482)],1.661
[(0.43804343395289663, -1.381058229932199, 0.8772904051826467), (-0.6933877223329429, -1.0070522006146778, 0.9915858832488557), (-0.0015889851746987375, -0.9196873105538682, 1.0957969454093501), (-0.10585430428173062, -0.6780053113754103, 1.393223871722358), (-0.6704270403428425, -1.159526222780832, 0.22551285293423395), (0.49250446595831543, -1.172828320860287, 0.6555426757209972)],1.661
[(0.2889226469026663, -0.8091998608253083, 1.1026941766134748), (0.4350520683886544, -1.0665909539569265, 0.9017978195878108), (0.7329140537293924, -1.008879270776847, 1.012251504713163), (0.30157856568351304, -0.6351600928426993, 1.4363509274464097), (0.153579817055047, -1.3079047541861566, 0.8902639667902023), (-0.5708709205391728, -1.3483746959854184, 1.3577593167574564)],1.66
[(-0.46871466631831665, -1.0797706390088562, 0.481732044611318), (-0.2352449392262853, -1.314812936319719, 1.0138772376024825), (-0.6938052941485575, -1.2566522080978701, 0.8078031618878033), (-0.15676385516730212, -1.157641592107094, 0.7880832367840589), (0.9658279371810616, -0.95951434363566, 1.5508072143424967), (-0.40977700884032536, -1.1165525626294563, 0.9792819586496094)],1601.757
[(0.1859855759196161, -0.9512802003117833, 0.4901781297059169), (0.6669047000084654, -0.8048303483191607, 0.8576274512619033), (-0.3927923403225067, -1.7994856948946736, 1.625337840782847), (0.04354526274529402, -1.061163367467937, 1.9775593964459461), (-0.013793204404871954, -1.4113485116992526, 1.0707066081002936), (0.2818501493214473, -0.9277857997264058, 0.674550367407261)],1.661
[(-0.00224662756846411, -0.9215305099282097, 0.9868364370561402), (0.42200241696068397, -0.8987184308808434, 1.2197770396508159), (0.5336598792997994, -1.3985963603364155, 0.5834673744396095), (-0.10367804345122439, -1.1984476349072066, 1.2688176636038142), (-0.597884401549066, -0.696565642601193, 1.1672742943050607), (0.2486323787865677, -1.0362111826398221, 0.4510708015448893)],1.661
[(-0.14432995405679622, -1.2322801775140058, 0.6323712930419148), (-0.007102247827580843, -1.1881745121823504, 0.8260314399440385), (-0.15206409546155397, -0.5568640773295728, 0.9862528636349701), (0.04456167818229689, -1.2055060047678805, 1.0124117064445486), (-0.10974786447359489, -0.6756473829138221, 0.44375947076541156), (-0.4448244778817859, -0.8984620366579982, 0.9011705056483159)],1.661
[(0.6764085478931274, -0.8730320909808812, 0.8738817969757218), (0.28245630190027365, -0.8266583044165838, 1.1757804356131034), (0.0749759936462858, -0.9163931597066914, 1.5490069935621147), (0.6616276629340844, -0.5801259906761315, 1.5438788902728366), (-0.019151549050485106, -1.0477346440214415, 1.421840213080886), (0.30684998048373097, -1.2381682759489823, 1.449576461412175)],9722.611
[(0.4578622398465769, -0.9241227039144266, 1.0404839186679689), (0.47453887450180043, -0.7745156981700451, 1.5271515575778145), (-0.06316396538643096, -0.9475859533841682, 1.0266007780635864), (-0.11401921030394357, -1.2849822423208346, 0.7257785305239709), (-0.5118991123801301, -1.3396089021315953, 1.3293353823884695), (0.40924819029739706, -0.5910424544579678, 0.9705030284071361)],1.661
[(-0.48565870565234065, -0.5208184471375037, 0.7849596015619915), (0.5027701854926714, -0.9969992320028468, 0.26056713946472976), (0.1535184318409838, -0.7192059160083042, 0.8335436338783124), (-0.7592536646672706, -1.004211292692938, 0.624470676321391), (-0.3276880690033979, -1.168436998513725, 1.2756067237085014), (0.26138926395055717, -0.599650311992536, 1.266285122798402)],1634.886
[(-0.30810291756299985, -0.7500712745333377, 0.9184198912122061), (-0.0019217342067020526, -0.9062640487754672, 0.6733808521645455), (0.10376206417830569, -0.7316719739200477, 1.08469219875683), (-0.4814299053493869, -0.8423854612838478, 0.6571289735633489), (0.12013759991685893, -1.2275002398584938, 0.846106530737234), (-0.5707782068331291, -1.540356765455483, 0.6727459665169093)],1299.361
[(0.48436865924750977, -1.1610034371854334, 1.2427641267865193), (0.7738190578283743, -1.438496601275328, 0.931907643581048), (-0.17149370732775027, -0.9375037347245714, 0.7787719577049195), (0.683102756383286, -0.5004347608116586, 0.6498387642488683), (-0.17849453444262303, -1.1072459422369263, 1.4562427031923304), (0.4479115346254072, -0.9716264474907441, 0.6570187292643666)],1.661
[(-0.11284219809000946, -0.9443861083178463, 0.7192117466104797), (0.5663278517219189, -0.7935017714421871, 0.9914836280375804), (-0.41307475413793804, -0.6444598727970497, 0.39736257541769915), (-0.7411413962251168, -0.868070314795121, 0.6382525725086912), (-0.7952952519479327, -1.2202714538886223, 1.0588878150730299), (-0.24825271765842324, -1.0607366632703874, 1.124514901174647)],1.661
[(0.504329673861974, -1.1104347661360594, 1.1784151462990704), (0.47085856576820073, -0.7939788561553867, 1.2865845129601359), (-0.17493683383851255, -0.681537847934284, 0.9163859629060078), (-0.5569290422213081, -1.0324820878056797, 1.0918475146530389), (-0.09059060241704625, -0.544670278996684, 0.6515994145053274), (0.8234891468256832, -0.8426612902015884, 0.5431079897797938)],1.661
[(0.7722190061398932, -1.123954256657109, 1.3283607244454618), (0.8892885910922268, -1.5400716306243454, 1.1000183536086388), (0.28262234173684553, -0.8387430032850218, 0.7673920430136772), (0.2188074968595573, -0.6827310097570568, 0.5528001915335472), (-0.19476796266221338, -1.6146817828792206, 1.2822178458154843), (0.13378199100126917, -1.0156388025451029, 1.1625691945586134)],13063.798
[(0.20029774147519047, -0.5516846404349939, 1.109893935281075), (0.4459616525705032, -0.34670296286961066, 0.8024660247807408), (0.06927178093851703, -1.550078980329583, 0.7833597962879181), (0.3912607091103532, -0.42529154846267503, 0.9219110412074465), (-0.2472752574840792, -0.6805055995314802, 0.4294915154284239), (0.21243317887957722, -0.8261880426426762, 1.7574792222685356)],11.155
[(0.2443995382974492, -0.6437711494628703, 0.9421406950858674), (0.5145428563386464, -1.2388131075980584, 1.0278132519488634), (0.4212920909947071, -1.1264886296548149, 1.1943092103510828), (0.945035683701989, -0.987814824729207, 0.8391128176743697), (0.16438374658853722, -1.1879400143515333, 1.0658109065890677), (0.2541186530826009, -0.907688257465111, 0.24728982297408642)],1.661
[(0.17766244513708007, -0.7997828437285979, 1.255334319115493), (0.4650303724697302, -1.3095534905825599, 0.5359477985022092), (-0.13556111405440274, -0.7616233850873435, 0.6266165918440472), (0.03408575041837871, -1.3186861260310707, 0.688522675369933), (-0.20191527096615874, -1.4743837224352343, 0.8942654718323869), (-0.2547812270266883, -1.0381511940642332, 0.7283865620584147)],1.661
[(0.2988925643561045, -1.302394822413378, 0.8443364803449734), (0.3562594963416597, -0.985965333050168, 0.5223178631957701), (0.27841144005130863, -0.891180154756365, 1.2741386175710603), (0.06057820169794076, -0.9975027176454163, 0.7464222743065255), (-0.32953175849675204, -1.3228895885460457, 1.222702826872181), (0.1426301053329568, -0.7748355763784243, 1.2256731949115038)],1.661
[(-0.0995732146359614, -0.943550344751637, 0.9351465210284016), (0.8305565801235928, -1.7355182233728557, 0.9092062993645852), (-0.9816458110962228, -1.6144956644811992, 1.122891785330632), (0.18336904618709376, -1.7206838961122866, 0.7163922780386045), (-0.07584008631424399, -1.2775269317958957, 1.4631533443453086), (0.0563220356980672, -1.0516346568817723, 0.9932944879014532)],1.661
[(0.16612183919797585, -1.1000773308117626, 1.240038067779824), (0.29081858624253853, -0.9286617327506153, 0.8123509384030235), (0.028927645800873758, -0.5523954739567312, 0.8232261937830134), (-0.06517713956647535, -1.3054339032335875, 1.2045870177849376), (0.19816398124839188, -0.8234330417691251, 1.1379522281463892), (-0.03148741002203411, -0.8341344662303927, 1.1772429398178266)],1.661
[(0.7146302539467005, -0.995155370696978, 0.8639538018535072), (-0.20508190927527614, -1.0581493367436954, 1.2168166321806972), (0.37943786259012247, -0.8215673587818181, 0.6598384518608917), (0.03649130453956117, -0.7067090718088782, 0.8209063363102782), (0.6848586516095722, -1.1161785638146213, 1.116306689087661), (-0.13755588508877067, -0.5884370737034934, 1.0389678874020598)],10954.164
[(-0.1359664121309253, -1.0610339847071546, 1.1615453893096912), (0.1329599985157272, -0.7149710325608789, 1.6559778368944582), (-0.36487631828887057, -1.454911941322215, 1.5698124700833584), (0.32559354739471824, -0.7329800993074127, 1.05697022268159), (0.4865870202293195, -0.6073607015837563, 1.3728173527118437), (0.22251453044810937, -0.614368329111008, 1.3943833283016827)],1.661
[(0.34119080339839847, -0.6286236359670099, 1.2818120233301147), (0.472579230909503, -0.4138275989508391, 1.070821793673611), (0.3596174419817033, -0.5173840538841934, 0.8564719872113096), (0.42117722968084115, -1.3636335015115464, 1.117859915755129), (0.15067955050190238, -0.7841559115547251, 1.0754199068547654), (-0.25936724500216135, -0.7111032090765292, 1.0734682358706746)],1.851
[(-0.18428159297265845, -1.335609090925435, 0.9439524109232067), (0.25052465092396703, -1.1841584839580965, 1.2940494531611537), (0.07071665182030595, -0.9609232668228402, 0.7957960924202755), (0.048191984006144696, -0.7099737486240694, 0.8940730192022817), (-0.04294790941289842, -0.47814587046941137, 0.5510661173476588), (0.7865966957819466, -0.9492830108567625, 1.159094742623148)],1.661
[(0.01149027227112831, -0.8370725070236873, 1.119862548969893), (0.2052405177700491, -1.2693262861840573, 0.6817909104524841), (-0.12154292514388497, -0.8925722534055747, 1.481080589658101), (0.5838601287188062, -0.9268879708272096, 1.3379686485499858), (-0.12085939022817171, -1.1297825910263644, 0.8896813438662001), (-0.021587930265392404, -0.9852023127314382, 1.0003362655614916)],1.661
[(0.06733504412263148, -0.7708393995577659, 1.3696610000318183), (0.6016391595348736, -1.0346149614266729, 0.7106574206272376), (0.10706543369458903, -1.1815940041469504, 1.114608679708137), (-0.3036324163047497, -1.2048144706213166, 1.4105647662628602), (0.8877959408841303, -1.1221975612658668, 0.8671341211432663), (0.44725474756248335, -0.7211435389439858, 0.6507240095396712)],1.661
[(0.2755231684763236, -0.780515477232432, 0.9152735941186605), (0.08929870281300445, -0.8898082385372463, 0.7792246800203726), (-0.2244564600883046, -1.3137682385790346, 1.350166059850824), (-0.11682203067530911, -1.1322162059264143, 0.4918801189075591), (-0.07854616814727759, -0.91127554590902, 1.2504144686225014), (-0.14551821645312651, -1.0432057233060863, 1.163221209729294)],1.66
[(0.15961870612852946, -1.2936513342027718, 1.2820696758974097), (0.6903869808866953, -1.5020455112093152, 1.1025053133242562), (0.01937462773141093, -1.3040471051152451, 1.0936693032346847), (0.6084736361198758, -1.1899519532753728, 0.8397692638139399), (-0.3155858602882302, -0.6416593999249578, 0.20802915837473546), (-0.23040288537831596, -1.1432091213639757, 0.8265307837576844)],1.661
[(0.373385403359824, -1.3129614999401946, 0.9007605385410916), (-0.10512473469373029, -1.0677585762513344, 0.6503309124970711), (-0.08174312878772687, -0.5383319128617629, 1.3920965531532414), (0.050900393333856354, -0.2742708577788274, 1.0133411071955958), (0.5591267255681851, -0.7764976463658406, 1.3446921216782028), (0.6744105519225916, -0.7291341904631081, 1.0297848315094302)],1.661
[(0.3769366312633161, -1.0617554790961343, 0.829530602848309), (-0.05524235543778061, -1.1199583641260222, 1.3544564017493619), (0.5744944527950253, -0.941437880983283, 0.7243700018074717), (-0.03040529744327218, -1.0964939757093914, 1.3404335477655838), (-0.032509274790454144, -0.798289870301185, 1.1582607934069677), (0.4650168157921997, -0.6681638616627201, 1.175658118374074)],1.661
[(-0.01913194793565294, -1.2226538552398833, 1.3259369512329935), (-0.1461005529107816, -0.8796564034987466, 0.8746760289626743), (-0.004288149455786851, -0.8370410738136904, 0.614313202772034), (0.7411260135925053, -0.938420081606154, 1.194530938403135), (0.4065928211883681, -1.3485301123877917, 1.3228099834598699), (-0.3612556593568417, -0.6774218495948575, 0.9413944141425264)],1.661
[(0.7059661475168829, -1.190011974031428, 0.9363801884345042), (-0.05726994659108253, -0.8966658614490224, 0.6374805197359856), (0.45966510367105345, -0.7976490929090271, 0.9241660203376296), (0.16106399337417343, -0.8460338635304574, 1.1796516199783533), (0.6101090429197988, -1.2347671536142646, 1.081518208030287), (-0.08038101896859062, -1.1037906886232645, 1.819363648760067)],10664.009
[(-0.06192442788893217, -0.9766238649442728, 0.9401133191723203), (0.3826847657923117, -1.2316804114361155, 0.9568623766454815), (0.6570461617264266, -0.6799863459873521, 1.6051223664727918), (0.2826867457109114, -0.35944931772832245, 0.8593256568809505), (-0.16118718407124102, -1.236312855705727, 0.6027419119750487), (0.43089101537313446, -0.7670706745996827, 0.8845666291857683)],1.661
[(0.22008276809323796, -1.1141686306635146, 1.070373168204381), (-0.19655860687193982, -0.967923154566921, 1.0439641139681843), (-0.23922733653651695, -0.4272327000346675, 0.7619847144927232), (0.3595255482765244, -0.22181947255373424, 1.2974685878268826), (-0.7532968651094253, -1.273744122259546, 1.3396616041240017), (-0.49200262271951706, -1.3102482808502058, 1.2739499703769306)],1.661
[(-0.690083585815326, -1.1207841515919814, 1.045318020772542), (0.03830434490874268, -0.8654909883049657, 0.7898121228855884), (0.11324695443696413, -1.097882879522635, 0.8914861585221966), (0.22394244640666874, -0.435037900666832, 1.2400905262640753), (-0.04537548631894625, -1.2549694268376745, 0.8424922872547252), (0.2475070469827991, -1.2636670991827679, 1.5866479510692586)],2049.709
[(0.3133074976891566, -1.0797884432619782, 0.6988632144891611), (0.3331456839830209, -1.1295060659478993, 0.8557395049035089), (0.1156575819240001, -1.1366685338382543, 0.8844782172377447), (0.9846265531352426, -0.4999221081859595, 0.5110463855850416), (-0.4738965914243844, -0.5053941173387397, 1.082481672360443), (-0.1778913036655451, -1.285935330361009, 1.0280902405756303)],1.661
[(0.5801668873763408, -0.8658437147391462, 1.2890185437657238), (-0.1666397550741403, -1.6063499243712518, 1.4121215280445272), (-0.4262603033638842, -1.1777037967814574, 0.9427034300846244), (0.6187305359852233, -1.2659468877388127, 0.9800059048751318), (0.3113265395509769, -0.6325000128596056, 1.264765728129342), (0.2975294597648819, -0.9018160757461484, 0.9357163709524088)],7107.878
[(0.3765897842406949, -1.1022579269954502, 1.082358585914163), (0.3555699390970062, -0.31542225873222896, 0.8192923876503836), (-0.2876263163356152, -1.0189016946782166, 1.1183619254181687), (0.46492202866200955, -1.0369552016827162, 1.1455727981078054), (0.8264166365150092, -0.853952488478106, 0.7275841038422199), (-0.28966472800943677, -1.1539643836060796, 1.6946784126542673)],1.661
[(0.7915478565371886, -1.0053480007157964, 1.288282948656455), (0.41205987682460754, -0.8467302270907504, 0.9520133875281397), (-0.27490108553282505, -0.8879800145584734, 0.5432982400112838), (0.12936783811984942, -0.7275538759805749, 1.4167333008118226), (0.3695935155762758, -1.0027861042442596, 0.7828748503447336), (0.6338104379751692, -0.6800890816978733, 0.9166510580229599)],13847.894
[(0.6914501778839195, -0.9976465959608851, 0.9542943763602468), (0.3436808578514442, -0.4049444350907029, 0.8374755154369348), (0.07143795880120214, -0.517254437293653, 1.2933769714295869), (0.6352384088121525, -1.6070393531736957, 0.7380603071134779), (0.5415486098219378, -0.8140847183691712, 0.8395645046826854), (-0.14577674023370976, -1.3830121466605658, 0.8044935256077848)],10192.569
[(0.3771300041241015, -1.3330333048671932, 0.7945242270317372), (0.4515951531783292, -0.7470675121049698, 0.5181513650744128), (-0.4780723257153136, -1.011863493294778, 0.6748184741838591), (0.4423833588889897, -1.053191828265885, 0.5843673847264166), (0.22386130583983263, -1.0557970923993998, 0.5152415384798394), (-0.435861324383753, -0.4937471905804426, 1.001908734573949)],1.661
[(0.43144851583439287, -0.971409734416871, 1.2754235415030588), (0.6424271091209284, -1.305984879309101, 1.001831968784522), (-0.4847154232476004, -0.7684227556464438, 1.226094861509992), (-0.5030192108472046, -1.39183983016761, 1.1236187057002702), (-0.1975005780275171, -1.1464757867043227, 1.0533101461157386), (-0.014543154748702387, -1.0782645015529606, 1.0003425344341408)],1.661
[(0.49474865230616366, -1.023927939079052, 0.6688109855492248), (-0.1759181258528174, -0.6473188945428721, 1.0300896013027543), (-0.6698579836276464, -1.0431662350303232, 0.7609161602725113), (0.14248668922861285, -1.134322599646442, 0.9684938944619897), (-0.016891227290561514, -0.8221548515965852, 1.059860324868491), (0.3043671338961371, -1.3462528084638157, 1.5225843745956262)],1.661
[(0.8885358309250367, -1.2985625569112138, 1.0543321730362554), (0.20476862837719212, -0.7077387832137547, 0.8190555012971954), (0.26125202811433396, -0.5428163114149539, 1.6503230929355945), (0.36896300822868733, -0.9705443648550844, 0.8063165469437056), (0.47995702827434156, -1.5833236508467565, 1.1394970815641727), (-0.40760627182270603, -0.8567586602064944, 0.7718685936207791)],18462.467
[(0.1349860817381176, -1.1642787553198093, 0.8342934089716414), (0.6983836091920751, -0.9646955609885984, 1.3672628118253263), (0.054852699365877604, -1.2550043923943417, 0.5043030291827504), (0.3051575677459402, -1.0646404612104137, 1.4368251722765488), (0.10502898199346107, -1.2719959319326735, 0.7243834159301177), (0.5566689664522737, -1.1491463381653295, 0.6887485901185466)],1.661
[(-0.10294758305647027, -1.2983676195209024, 0.35121911098718483), (0.5452713676502842, -1.3753888901061209, 1.2632182167565411), (-0.010399342327834729, -1.548424577398606, 0.011616830547930834), (0.5647221209384987, -0.8180562269891525, 1.0744708317953633), (-0.7669449505636218, -1.0161871260399908, 1.0525056194837272), (-0.2161343735843608, -0.41969787845611706, 1.351259578190699)],1.661
[(0.17836913497618734, -1.6708827326586775, 0.8434383167631203), (0.23627796115529087, -1.1853508557245322, 0.7418199559199684), (-0.1840294142435639, -0.9249245686568929, 0.9783336954541884), (0.3304273816852034, -0.8899117522178492, 1.2082499905185422), (0.02069102071450993, -1.0320959365716074, 0.6120841798701684), (-0.4583351698455907, -1.0044218474277815, 1.235497824110389)],1.661
[(-0.43892951661933394, -0.865259888629605, 0.9575770504190406), (0.3691008191571275, -1.130171233779849, 1.4335950585593444), (-0.8454883526200186, -1.4164321643678688, 0.5297489299237883), (0.3621637569121934, -1.0359807366789577, 1.2294556256309008), (0.3181399320493732, -0.8672817888440069, 1.0014226991562136), (0.007875991711188109, -0.7476261279933061, 0.9152748539506881)],1543.956
[(0.2939539402981984, -0.8621000927442343, 1.1821973308213203), (0.9541491492866996, -1.0969001633806823, 1.5130379353072119), (0.030328699121236362, -1.5647006044812661, 1.3335193818981583), (-0.535380648804492, -1.3403585095839867, 0.7255986332292268), (-0.17748014355031444, -1.1459216328421322, 1.3157517542236015), (0.22589683457039547, -1.1505271132850072, 0.5958350356140687)],1.661
[(0.7575004928477075, -0.5744448053408762, 0.6002071582964643), (0.34287011159069836, -0.7161087396895915, 1.3885609131234784), (-0.09198258579904861, -0.9808354399480597, 0.9723255247291281), (-0.5903006006816757, -1.4736228884089946, 1.0035030119839474), (-0.6701420572856085, -0.4870429791157457, 0.9352448650269093), (-0.013750854913818134, -1.411714386010996, 1.1577012827052113)],7310.806
[(0.014799814890556998, -0.9547507762011006, 0.869410786403343), (0.058958432690683904, -0.68795292810931, 0.8911526887404919), (0.17684467381670177, -1.4247731034961442, 1.1582763277571857), (0.5922591193050609, -0.7380466291390311, 1.0656181075516706), (-0.2654964913084426, -0.810371435155482, 1.6012313854035947), (0.005712188111941458, -0.6545474733161303, 0.508447246960177)],1.661
[(0.7024340829332734, -0.8512476492800732, 0.9688811305426025), (0.39227507397561184, -1.3223847934040138, 0.594258588517915), (-0.35110802413340836, -0.7112322272724545, 0.581419632604083), (0.1571153403132045, -1.4805157734442456, 1.1623205154486853), (0.30491847623508944, -0.5819071488759922, 1.3434924087034272), (0.44504160093498935, -0.8014256643972422, 1.2083510527045647)],10547.712
[(0.22069461143710012, -0.8757883640028914, 1.3117857332448517), (0.6582943646406847, -0.7425852315592825, 0.4290133045647684), (0.1324582758546442, -1.1740096515222178, 0.9106357735104831), (0.12640739360650102, -1.0287368144437048, 0.6149335677883618), (-0.6512958977961414, -0.9137445403415438, 1.325806887026113), (0.06868354373166907, -0.812892642112061, 1.2141981138506652)],1.661
[(0.009087767960511, -0.5626937077969115, 0.7850549151312073), (0.6522870792390165, -0.6531167869005217, 1.002084990452566), (0.5210170177158598, -0.9803380440175709, 1.1067733598633545), (-0.4523161436470813, -0.6635743349043888, 1.0040668953582064), (-0.24449835834456102, -1.3750454380298915, 1.0998166491453907), (0.1690666021913042, -0.9524926103204013, 0.6851385917763085)],8.959
[(0.8776238927495527, -0.4478288119485502, 0.46183005825612367), (0.21599188066077968, -0.9882507642468337, 1.146593110951316), (-0.25488957625002423, -0.7157641413032191, 0.751205380074184), (0.04112956923631537, -0.34950769692827877, 1.0232053830254322), (0.5869288508407069, -1.1448467946006082, 1.0023580127448546), (0.4728985553229832, -1.282640847638707, 1.2156511691244296)],47.637
[(0.726755323406303, -0.6527486616492049, 1.0527857360927748), (0.042732698428348814, -0.6098547295756946, 0.8738158227402131), (-0.26964936902614384, -1.4634591268433397, 0.6459324571660956), (-0.10157106981254103, -0.9487699140085901, 1.1886114128967435), (-0.06606280958068256, -0.9055500278584584, 1.6883583208978072), (-0.8108576694887154, -0.796622153605836, 1.348556016288474)],11371.821
[(0.6283172992773727, -1.1632572353941575, 0.655296906732499), (0.27450680825558227, -0.958771730843923, 1.3218103330831028), (-0.850464765582081, -1.2644305355537147, 0.6565773471807856), (0.40764607551986076, -1.2299855162351327, 1.1685753717089866), (-0.9782991890746268, -0.7047289344072416, 1.0581123174003824), (-0.21255423821969777, -0.7412988550793176, 0.7142789361335944)],8337.909
[(-0.12414573818716888, -0.6511493013122497, 1.071713884374656), (0.3171428036789997, -1.2839480628335658, 0.6954394176277316), (0.7157938620490634, -0.8316151293509014, 0.9736935618041689), (0.07269452055128378, -0.9657164263341559, 1.2382604385991822), (0.19914155477204848, -1.249100682558944, 1.0726694016184877), (0.25125057970109177, -0.5159268074638657, 1.2221535831004606)],1.661
[(0.5669788668046344, -1.1441499482006472, 1.2313558498601795), (0.8670954353165827, -1.1426046286897875, 1.0706353046002801), (0.03632665795964508, -0.7615055179189872, 0.5713194799430532), (0.6792955364001112, -0.8001048867690109, 0.7825695579884359), (0.02078478216085325, -0.8063145052671759, 1.3934020873739281), (0.006446704714096106, -1.1946482588251066, 1.3601885814833055)],1.661
[(-0.5041059154168973, -1.3285137771758544, 0.41168526903629643), (0.7470567010842358, -0.9882278626621284, 0.8856397633256339), (0.2681007909069145, -1.1909978304365285, 1.150327464835839), (-0.18337117721234017, -0.6425709121676328, 1.2090896171801606), (-0.6402485239517667, -0.9592853103366534, 1.0217627194698604), (-0.420728748986626, -1.8163244526177, 1.4604793100197155)],1671.158
[(-0.5799607653255342, -1.0842605047931249, 1.4760490389040997), (0.9362827456147571, -1.7517999598181038, 1.3172395951577824), (0.03281512722636167, -0.9019342198330552, 0.699379500385094), (-0.10481447716150144, -1.0827797199310618, 0.8750534037952831), (0.14485720278535477, -0.7999387798340122, 1.2956690570675304), (0.09782269036207566, -1.230610514924693, 0.5877519283835948)],1823.386
[(-0.3405170167756038, -1.3405483277343302, 0.7075679611440568), (0.48513637284055844, -1.0345053446539245, 1.1808958198230688), (0.13069186869675103, -1.124107006504864, 1.0088087558159977), (0.6691388978393567, -1.103483989567667, 0.8128088762687681), (0.5137918835335371, -0.4311674896344362, 0.9332720398321172), (0.43582022976089174, -0.4854509397182859, 1.1369564243754335)],1357.803
[(0.20813747573748448, -0.9494956008051136, 0.8717721843073165), (0.5165513128485646, -1.1582098024549774, 1.1288471070367248), (-0.26694262297792787, -0.8539252278023333, 0.7696155036924242), (0.7551837086916153, -1.4046361441954685, 0.7173581749039496), (-0.13331176117402654, -0.5283694361251838, 1.2362659327663148), (-0.15897393958108924, -1.2987955192703167, 1.1103276013463137)],1.661
[(-0.6416516845093174, -1.4978776182201718, 1.1857567074772166), (-0.1062554378139029, -1.1897385540873282, 0.7111072419797577), (0.7384801543539644, -1.0625105324436785, 1.3964617001224306), (-0.40233507416542774, -1.0206741836121882, 0.4868893031407062), (-0.5895677876630286, -0.8691677296741613, 1.1170736907424679), (-0.7914058261519402, -1.4555746388577353, 1.3154431354118847)],1949.691
[(-0.11180732761150332, -1.256749382344928, 1.2854239305882968), (0.3849719560796773, -1.0502936331975872, 0.27313724860419486), (-0.9144048667537547, -1.627604897777284, 1.3781504972936478), (0.10535320387165076, -0.566202218207909, 0.7800055812291572), (-0.6062835247191797, -0.834122177012428, 0.7881842846237769), (-0.3695502634846306, -1.1070541308752824, 1.267827406704558)],1.661
[(0.5890335989818624, -1.0422889498216235, 0.7817163699629981), (0.5161741542476852, -1.0993859511453867, 1.2420415968196241), (-0.3953589744123569, -0.6148922173004452, 0.9231870319062954), (0.20285339548867476, -1.3126143683124134, 0.784986923744297), (-0.18764538550152196, -1.2625551245400168, 1.417123559157062), (0.5940854434657, -0.7721984780657745, 1.1055011036521614)],7324.904
[(0.08254793013494395, -0.47588871354383777, 1.1355979467187376), (0.13757812742811398, -1.4452721569835907, 0.956935977509835), (-0.04103287731330036, -1.6828744834834344, 1.1440116182003977), (0.5992529691759008, -1.1938312337821118, 1.4055693470768909), (0.4346134670180908, -1.3170619683467946, 0.9137269524050673), (0.2026029021758977, -1.0946188394859555, 1.1799144454130865)],34.783
[(0.015095573887429867, -0.9115041679246815, 0.6527682155691534), (0.16864748811166944, -1.2314477358667766, 1.5859353478286193), (0.05041522927925352, -0.8615027366506822, 0.8724244924057102), (-0.5837041337740289, -1.0149227394303093, 1.0154980688398547), (0.2703840121730813, -1.3948093676502908, 0.8064621482987918), (0.42005850125461763, -0.9376437133934911, 1.4458278432363767)],1.661
[(0.5452289970793629, -1.3360180535075132, 0.580751718020175), (0.4820243778521642, -0.5327927828643426, 0.9068750870287856), (-0.04467557468518727, -1.0614148728206723, 0.8875448607007426), (0.45063326947873306, -1.2004996408251216, 1.0311445185352714), (-0.5653780474643515, -1.0186150466681716, 0.9557742719501503), (-0.1509258601415857, -0.9146004916611667, 1.1830454707698432)],1.661
[(0.396967474896112, -1.0399073555540017, 1.2914542990935332), (0.543079636501142, -0.9940214346802342, 0.9218989728852519), (0.44423316048190364, -1.143073603811787, 0.7146762300590819), (-0.3515740800043362, -0.8490765893792919, 0.8579315552762878), (-0.3104484789763271, -0.3072665120078969, 0.13788452785521443), (-0.6293095804747204, -1.3187692514434017, 1.5124601818360226)],1.661
[(-0.6554880769055902, -0.453723832954255, 0.8705156034487067), (0.15876385156581524, -0.820271883990725, 1.3943887313922518), (0.8871735935938895, -1.1497950690702652, 0.8207106310192249), (0.1862304254449502, -0.8991690791878888, 1.7109045715038378), (0.33838325888092274, -1.195854769122569, 1.376404276811276), (-0.985153136043238, -1.0047531184118164, 1.5111091228630906)],1546.951
[(0.5535942368056527, -0.7558591951771012, 1.251933543230144), (0.45558752533008395, -0.663249767418509, 1.2544826205708264), (0.050389814890101824, -0.7058314081021353, 0.758224116411151), (-0.4581519833703664, -0.9595510291350587, 0.7346585154315579), (-0.07816974006373954, -1.1876624261598112, 1.2934092336604537), (-0.3640496534386479, -0.5325958782156068, 1.074086220309489)],1.661
[(-0.06622781251396594, -1.2752574980988889, 0.9522091133559377), (0.8381441944308025, -1.0390350421699055, 1.450681191363969), (-0.7450534231752541, -0.8265020396958552, 1.1521283767411141), (0.7169828037896945, -0.717051535476077, 1.2952508211669949), (0.09183606838445713, -0.8052965256147563, 0.9124935156393669), (0.03870893171286271, -0.8710086472814215, 1.0443663145203088)],1.661
[(-0.3529423787685587, -0.8409209059490197, 1.2027098519390287), (0.4477714214691958, -1.0178811431595527, 0.9854253780406262), (0.06810993103280687, -1.1752888434118112, 1.47891973688289), (0.9436129015766905, -0.8609785264047439, 0.9396554163713571), (0.15798788675324052, -1.187287296933612, 1.2588059984346898), (-0.2706778405140582, -0.7510641366346265, 1.6664722819408055)],1380.71
[(0.08, -1.0, 1.0), (0.4, -1.0, 1.0), (0.01, -1.0, 1.0), (0.0, -1.0, 1.0), (0.0, -1.0, 1.0), (0.0, -1.0, 1.0)],1.661
[(0.29, -1.0, 1.0), (0.44, -1.0, 1.0), (0.73, -1.0, 1.0), (0.3, -1.0, 1.0), (0.15, -1.0, 1.0), (0.0, -1.0, 1.0)],1.661
[(0.29, -1.0, 1.0), (0.44, -1.0, 1.0), (0.73, -1.0, 1.0), (0.3, -1.0, 1.0), (0.15, -1.0, 1.0), (0.0, -1.0, 1.0)],1.661
[(-0.64, -1.0, 1.0), (-0.19, -1.0, 1.0), (0.16, -1.0, 1.0), (0.006, -1.0, 1.0), (-0.045, -1.0, 1.0), (0.0, -1.0, 1.0)],1946.294
[(-0.64, -1.0, 1.0), (-0.19, -1.0, 1.0), (0.16, -1.0, 1.0), (0.006, -1.0, 1.0), (-0.045, -1.0, 1.0), (0.0, -1.0, 1.0)],1.661
[(-0.9139425888526231, -0.6346630436202925, 1.080545857712931), (-0.21513554626247164, -0.6294221016152937, 0.7342588083651183), (-0.4698815548385915, -1.7228495110851787, 1.0731343742562933), (-0.3698212222054155, -1.0259688725214828, 0.9268939546466658), (0.7946864575746015, -0.6121738937736625, 0.47633857634015364), (0.4761238382838959, -0.7976988321662662, 0.7079535438115591)],1806.954
[(0.13984212463982326, -1.2510908669075693, 0.823723533413937), (-0.8025685195424901, -0.5546288407903595, 0.38592374822285125), (0.3357770721086111, -1.0301644658884808, 1.2735930242696), (-0.4543855977722561, -0.6071328840965384, 0.8459711024006725), (-0.9109013410490695, -1.0796575597588378, 0.2898233483778295), (-0.3509646042963998, -0.8592713022796343, 0.7841503263586963)],2948.374
[(-0.7239081955118756, -1.1076480426275515, 1.0652323538860924), (-0.016570631727700152, -1.142550816360266, 1.7096987309818132), (-0.02475897358650886, -0.7612855626157765, 1.3874211773190235), (0.37194357631521713, -0.5095464105703871, 1.1798792071012396), (0.09934196521926021, -0.9656414876773791, 0.8114948332907299), (0.25674092630050777, -1.0221278916836036, 0.9149418771762774)],1.661
[(-0.2806613292857591, -1.2173443610484471, 0.7223918218248113), (-0.45804289465118286, -0.9568154698329083, 0.7355007145842183), (0.0454251736719499, -0.6139572722374032, 0.29319425169595226), (0.16816224934041263, -1.2499070984220544, 1.2471799798294918), (0.009563717284366488, -1.417676616045386, 0.5964528626484176), (0.47101311091796766, -1.130630068108219, 1.1150263669517464)],1.661
[(0.30892187900277546, -1.3529007495925036, 0.7645864332216468), (-0.5883372438265356, -1.1092371196395883, 0.7358677534866359), (-0.016652674352275826, -1.1894736112677302, 1.171494373525364), (0.11822082530673834, -1.3497768346982995, 0.8699678048405807), (-0.35296790154854635, -1.3054107119031126, 1.2905786631785947), (-0.08147737314626152, -1.328215276364902, 0.7463700628427545)],1.661
[(-0.44432849863742013, -0.955163758202313, 1.4683230599966377), (0.06551161097929409, -1.1530491859836032, 1.1030404645368828), (0.7955316327387221, -1.5138398046547654, 0.9123841344448419), (-0.22968535915679042, -0.8340635901668331, 0.9325958293411323), (-0.5549780805509252, -1.158882967973914, 1.171338595434846), (0.18507247330987636, -0.8683533079417987, 1.0654752318272935)],1921.976
[(-0.4178475635876644, -1.7450189981305002, 0.8333607316535793), (0.5925184207899945, -1.0057373825417588, 1.2848421850565062), (0.2506434516439952, -0.9759008721161301, 0.8608091999579557), (0.2555663168626057, -1.3145324484606244, 1.114078003599877), (-0.06002126870178264, -0.688945165162799, 1.017428074881376), (0.5270773057251305, -0.7330423050194907, 0.5221964638144954)],1.661
[(-0.5964749274547052, -1.0726191328389578, 0.9446345641008578), (-0.047191128477959365, -0.8962621563045038, 1.0385239520255722), (-0.6597785474796429, -0.5866208115937551, 0.872317908323682), (0.2772574139612797, -1.0781001911196226, 0.8766504179477401), (-0.516834738289993, -0.6343861645897018, 1.3872247502504775), (-0.15167322622905446, -0.5850653806350253, 0.708676038397124)],1080.238
[(-0.1638269933804955, -1.6452102127461368, 0.6154544183085382), (-0.987766526189398, -0.715345984877742, 0.8527217845169079), (0.21869371919643005, -1.1009796642896368, 1.1945618254292139), (0.2136378367218241, -0.6362998969948619, 0.9964361897431337), (0.2285988162379432, -0.548362269108716, 0.7623739120384756), (-0.43136662637916123, -0.9575748234958522, 1.0270966739173297)],1.661
[(-0.3149400235312846, -1.1265287866861213, 0.9744103581790291), (0.3368233044147387, -0.7145353855117691, 1.118701602944308), (0.7035058454182788, -0.6196316853955672, 0.9912273504662366), (0.030771140713608328, -1.0014146901237033, 1.7849454473819155), (0.04422220499608234, -2.095416259574402, 0.9379075535083802), (-0.8511199894397841, -1.4628942334534836, 0.9271127011108051)],1780.643
[(-0.431212472413233, -0.9548672644448697, 0.3681204674683164), (-0.6158955865747654, -1.554795682616094, 1.3081042698075953), (0.8961015159707901, -1.0551120086305308, 0.9081512881900168), (0.2290091098038877, -1.1944065100058099, 0.7467243889310002), (0.13764305261512677, -1.0067715080476047, 1.1906211399575826), (0.48946519770756125, -1.069223378490097, 1.1047923381332152)],786.075
[(-0.08898910368161006, -0.7956190395235376, 1.549961349404915), (-0.019857466222371778, -1.3833690713460127, 0.8105645523163268), (0.4218956426698439, -0.8305797579531147, 0.6891648638876129), (-0.16828040241985281, -0.7693823879301726, 0.1071228104909856), (-0.35140949502472457, -0.5632585097899542, 1.2380468609859658), (0.47846693288851533, -0.4286958646477095, 0.9675797912385968)],1.661
[(-0.7366529461688229, -0.7923371195009347, 1.1494513490958096), (0.40144427235607333, -0.6321920087559414, 0.8452367066755309), (0.18092018538153296, -1.0151818467301106, 0.9829604245033343), (0.7322044523432975, -0.8212326568663151, 0.7410084069701516), (-0.36626459100885805, -1.1806743555937151, 0.4756793348019911), (0.19100464841042528, -0.694369230842524, 0.7014652195675586)],1625.425
[(-0.41163671171859006, -0.9569944593435316, 1.1813103044976911), (-0.4797461458025182, -0.6962048036473604, 1.027571419037828), (-0.03770326400804544, -1.2496879481072143, 1.0868863672173656), (0.4983799941258817, -1.180009902872511, 0.9768369442572832), (-0.1506047572793064, -0.8165800820546308, 0.9351323610645972), (0.1073006159497828, -0.9782272910639572, 0.7028531488768994)],1.661
[(-0.5019541420066047, -1.2372300565914962, 1.0929688558949746), (-0.9081728907864874, -1.3863061076546108, 1.0006796498010948), (0.01993522545437512, -1.281423963495274, 1.5220510806508936), (0.01696274336761657, -0.8651103376592844, 0.7817447242301218), (0.12318487322556683, -1.1597259423341988, 1.0548947008497247), (-0.41200769455444847, -1.244074839113134, 0.9283573249413377)],632.485
[(-0.7119234171057711, -1.3301661215956662, 0.9010135894385899), (-0.29079470258680395, -0.6156882545178264, 0.6322241936647753), (0.07008772245151428, -1.0845410532039443, 1.3542644462975537), (0.4272472326606522, -0.9633781796005556, 1.0329320815878655), (0.43556497510202197, -1.157833609434181, 0.613319926396753), (-0.09582591077035468, -0.6667504664095882, 0.7849264697474173)],811.576
[(-0.4449135573840909, -1.1229361004237426, 1.0901806875963578), (-0.3585008615072177, -0.727449984117754, 1.008889999812103), (-0.2736078384375944, -1.0653344183860505, 0.7162181254603537), (0.8232743693667677, -0.9521826333382445, 1.497221956783043), (-0.4027865320629028, -1.1775901421805957, 0.8584474050399933), (-0.30447129380582805, -1.3008596658514158, 1.7063148705773963)],1411.137
[(-0.5140487870602155, -1.139451637620587, 1.3694142177074944), (0.04338311413015866, -1.1844152585185048, 0.9446666434937867), (-0.04516472304084798, -0.9948219962927124, 0.9098956331293516), (0.4849759556927526, -1.0362220568115985, 0.8167284490906158), (-0.17620386890810497, -0.6044813563337994, 0.7799663362670323), (0.5162131445456394, -0.5821676418103381, 1.1525997024073737)],1.661
[(-0.6589292216156802, -0.8566967081639045, 1.064811539991264), (-0.43179678182860326, -1.4900142769736489, 1.356338560135964), (0.7212907246504259, -0.9908723345546014, 0.8715339147679058), (-0.04576401387281765, -0.8181434446706496, 1.3831711374904645), (-0.1906508623120114, -1.058456458448515, 0.6456517429333282), (0.36203329759333935, -1.0488531716278613, 1.1935060285887298)],1.661
[(-0.5523975879024317, -1.2161849969974607, 0.7524724420594892), (-0.6494138831888485, -0.9665135080992727, 1.4371225419989526), (0.12185617635048845, -1.1385842126471986, 0.6807381635884066), (-0.20713354927383612, -0.9173688823602375, 1.1982661163226986), (0.42365280234081876, -1.1153536029937565, 1.254905379806919), (-0.07485662620037312, -0.9269742997788915, 1.415128351466469)],585.731
[(-0.9577175986628975, -1.4225855753529495, 0.7950988018226601), (-0.8372699160901342, -0.9680362701598773, 1.3439479414370958), (-0.21165905547673156, -0.7029654288093641, 0.4523030501874563), (0.79163136281501, -0.7381612207859629, 1.0228079330529074), (-0.5895491240755087, -0.3799457971263115, 0.7296780706306318), (-0.35727832153711164, -0.5587874258754053, 0.9698091343466116)],1485.582
[(-0.7538306322636902, -0.7682405283921703, 1.0497805503033288), (0.11439348753771755, -1.3279697930258125, 1.2219269731165703), (0.6226309373440686, -0.7029229936866799, 1.0978057393149498), (-0.15922003953788422, -0.8209639396892583, 0.837297615146436), (0.11422748542760576, -0.7541322200539775, 1.7837247440145056), (-0.589272459584471, -1.2285757961181618, 0.13052014761305852)],1.661
[(-0.4224253303938865, -0.5353902554730181, 0.5610654038133362), (0.546846552963326, -0.6714069267322147, 0.9720471487149643), (0.12322116001679714, -1.017331237708337, 1.0958360390999922), (0.8590713840298452, -1.2229866457242065, 1.3117635309737348), (-0.255199721564274, -0.7690188201751336, 0.65701437368277), (0.12053881720840876, -1.5693887450234882, 0.5488612701773521)],2760.468
[(-0.3117469903534281, -0.5471514600788259, 0.9690997438380492), (-0.2803222264083016, -0.7332312733322212, 0.45119410526569825), (-0.2834260953955595, -0.9622900029400617, 0.6404098223090604), (0.25868026077983763, -1.1268025465012381, 0.988754493461717), (-0.23273249401035884, -1.0375967047030235, 1.384194511416628), (0.6240462199337254, -1.386259223341413, 0.8784000897143279)],12.145
[(-0.3814036466779319, -0.8078825133469824, 1.0377545489355195), (-0.24788944610608182, -1.5637535738573691, 0.944292760483357), (0.11760359548196617, -0.781815969931105, 0.7940132487998943), (-0.3784227969463275, -0.7776809017011911, 1.035351095056134), (-0.8159096489329191, -0.7845847316982159, 1.1896220802506459), (-0.38104968964439917, -0.9966346568520424, 0.9461300270712479)],1806.356
[(-0.6821491520459491, -0.8124892399266201, 1.2754396665474217), (-0.9886112567433427, -2.004859127932342, 0.934210738300027), (0.1259890222938042, -1.4347232670749435, 1.301714749892795), (0.3357370046601138, -0.7043037586655483, 0.9029351466082741), (0.3975664034121174, -1.4466190208334484, 1.1350244299439127), (0.6618046227652354, -1.2607841511262765, 0.8039827713101416)],1041.314
[(-0.6859611770651342, -1.333413023847416, 1.398711730355284), (-0.6392279720813985, -0.9302258217030194, 0.9160343446631891), (0.0750628648968065, -0.6999314610894094, 0.9012571247005795), (-0.6645336567022712, -0.9830265985672806, 0.5831169248007264), (-0.7445410547739578, -1.583427619222923, 0.8643073192185138), (-0.28956520691601834, -1.2964349387443868, 1.0971751412751904)],1246.242
[(-0.790528252403506, -1.7860082721447021, 1.2319740934242256), (-0.11415466097344172, -0.8221995484324272, 1.015058990438366), (-0.5625567702165043, -0.6284799715421147, 1.4989741214013539), (-0.6849812988721437, -1.047116752902986, 0.7567058764167718), (0.01915592718472159, -1.797825317463051, 1.033954657616138), (0.03778390713401729, -0.49408486446641875, 0.47909932367842956)],1989.698
[(-0.539029148290999, -1.0704795829297935, 0.3239272354664071), (-0.07563380917913812, -1.1950790532024111, 0.9811427648558353), (-0.40339249650261033, -0.5967265333475384, 0.558123178756138), (0.12872370956368226, -0.5935640067950989, 0.9803842868858437), (0.32045346061384405, -0.9683568815720653, 1.412092633812089), (0.49309782113094425, -1.187838388469799, 1.0737038716319538)],1.661
[(-0.5157002090166949, -1.1013182249740623, 0.8833521535268613), (-0.043574198307046424, -1.015372020818726, 0.2576260935489445), (0.05970731259914805, -0.5005888722506187, 1.2754937518263452), (0.25607103563362726, -0.678682944043278, 1.350160098542653), (0.6056010683262616, -1.1247843596244225, 0.7184665299897623), (-0.5009583210618959, -0.9650239871122568, 1.013516175468315)],1077.926
[(-0.37386161462634976, -1.0338906825177543, 0.681824285035461), (-0.04295896459789719, -1.4819760135078164, 1.1220562216961727), (0.9986927292266987, -1.2395738915631238, 1.1386520794708173), (-0.24114767097961837, -1.6846196066687578, 1.3022275007619015), (-0.0631876084394235, -1.519030803512841, 0.8801570437152313), (-0.10804248035554645, -0.8962692045785423, 1.2587975926117514)],1464.49
[(-0.8130715781193523, -0.6386111213992967, 0.7399944176471602), (-0.5868174410165141, -1.50725600692674, 0.44174250021866157), (-0.1715412834311207, -0.8656850884726198, 1.2765553970389603), (-0.3362033973467808, -1.0842290879849419, 1.0697730228428701), (0.12459955203072941, -1.1871997053606231, 1.13521710306477), (-0.24941433831546322, -1.4312826974605968, 1.6567878703861023)],565.476
[(-0.5295938759272277, -1.0698850324242646, 1.4766085317382904), (-0.3744372137941005, -1.2308842974640843, 0.7892251016831254), (0.17537752806822346, -0.8920565899029601, 0.8020877104242009), (-0.3132218885781775, -1.1776578585105184, 1.5615818449864614), (-0.2958027257306417, -1.3143429189385607, 1.1277792720220432), (0.57589828792126, -1.0701437275696037, 1.1944584799844482)],358.628
[(-0.5548820663749237, -1.117561020345629, 0.8050231154089917), (0.09861498312297134, -0.6602055818485248, 0.7478297576306323), (0.2577976340206293, -1.0133370651137577, 0.572694965898551), (0.26682582454791703, -0.8822248974373248, 0.9078510697366421), (0.5994170115695819, -1.0161450132200014, 1.387638860524532), (-0.2141514598677875, -0.4345299515677913, 0.7759572213916082)],1017.775
[(-0.8412653830515878, -0.8385873336083797, 1.153109512348566), (-0.14964019023192954, -0.5910353465122435, 1.1268808930383298), (-0.5603009676750533, -1.2365191253969638, 0.8326830479138244), (-0.2348777441834139, -0.6199803676404039, 0.7534229770334008), (-0.26735562488765074, -1.0051260581379702, 0.7544598047566273), (-0.37042744153901175, -0.848326785756672, 1.5298183879764111)],914.84
[(-0.5564033086872763, -0.9003922056048408, 0.9254214375944266), (-0.583487977867196, -1.0866705809616755, 1.0773573147884425), (-0.3279982868726694, -1.0917491412539777, 1.1200144657752094), (-0.19200312668362535, -1.067571758235388, 0.9932633590695344), (0.29327386074135026, -1.0156185272972629, 1.2639576914223485), (-0.5267737136095096, -0.6915402577339846, 0.8052211130388245)],1027.468
[(-0.7779177614629826, -0.5140976188312442, 1.203482138707479), (-0.2824634687017008, -0.681464480789037, 0.9588710027142855), (0.33043368895541914, -0.9860621470497669, 1.3935676288204162), (0.4143162841667751, -0.7515696650216683, 0.7167951543110115), (-0.19350413281001783, -0.9352974842224613, 0.7100822197099361), (0.1477074117811815, -0.1593013980491761, 0.645644935959529)],20.952
[(-0.7625761956477719, -0.7328458807086966, 1.0047506703354545), (0.0385818273758507, -0.5959290950701074, 1.1076933791097832), (-0.06981375230884321, -1.2164103964869188, 1.6167831090047202), (-0.41028283270603594, -1.0424787144490066, 0.7953507403326855), (-0.5330041912516303, -0.8408629733043216, 0.8409482975791979), (-0.23697367237337388, -1.2716693136771118, 0.7752164970615294)],1380.418
[(-0.7251107814443939, -0.3383012133270421, 1.2860656545316513), (-0.3323849800771397, -1.1390239976616385, 0.8141779154380384), (-0.5062135282977996, -0.6105279634349534, 1.1931810881745077), (-0.7734127533960516, -1.368675675551229, 1.5663244459292893), (0.16834653485582446, -1.3704999658703343, 0.841614339476979), (-0.09949593541062314, -0.8888590608949973, 0.5958283349351323)],2703.725
[(-0.8493743773634871, -0.5855301104899926, 1.1506124524781338), (0.3364297333819449, -1.3293794850124325, 1.1308125813352867), (-0.006276914537919592, -1.146366333809842, 1.2825329004145194), (-0.0963625454654933, -1.2491929661233896, 1.0543916994779574), (0.49743821576666153, -1.1953961204630617, 0.8675858791322125), (-0.2916641272297193, -1.2803679659931686, 1.14737538642524)],5.334
[(-0.6775292164369323, -0.7205796626630072, 0.6437143220502028), (-0.29994323278194457, -1.3978497768117397, 0.8817565838031303), (0.8697086646388338, -1.092315044828567, 1.15751162193354), (0.5476430294413911, -1.4524738463611606, 1.2302468527072365), (0.6504847684796381, -1.2407744457856449, 0.968308714854079), (-0.45023333551720435, -1.1985361650325848, 0.8865846682628324)],1113.495
[(-0.8332320496537409, -0.7035218609982147, 1.2707558917434851), (-0.12983734231115565, -0.8998164953014038, 1.1329211752092834), (-0.08926062146431746, -0.5529863657393641, 0.41565768011303406), (-0.19340943633060265, -0.8910122325061041, 1.2051969130584252), (0.5607954368373141, -1.2184949193338892, 0.9149490776792983), (-0.4921848235672637, -0.6020818634156312, 0.9532083679423797)],987.435
[(-0.38915536756191554, -1.3552112834078756, 1.4148993254434366), (-0.8568523729722115, -0.27394995145789813, 0.755528947164355), (0.04314553496614154, -0.653563122868245, 1.7857370080710355), (-0.11030745073417143, -1.361004536218046, 0.9808074058819597), (-0.08829063919155512, -1.0373730960707128, 0.7354704064418662), (-0.492813447033271, -1.3909529903053042, 1.4738699266762365)],1.661
[(-0.43204921828198956, -1.1776313669438334, 1.0969686904313745), (-0.7163027509530866, -1.092131291727107, 1.1981750079053322), (0.5451757520882096, -1.1817597039470127, 0.6497813804047846), (0.3795030034978971, -1.0668442427684386, 0.6567646003137562), (0.39821185658021024, -1.1544227682024113, 1.1201351312773844), (0.6512460009010542, -0.31442319234887683, 0.8290900865651869)],812.879
[(-0.5524266707626638, -1.0861798300252572, 1.1184247639557294), (-0.4685831856303396, -0.9349028139890958, 1.0817825991755483), (0.5688199327149163, -0.8543161778469908, 0.7633355199253363), (0.010547721444173621, -0.8530807243509841, 0.8415073024940902), (-0.5171493044138611, -0.7305764640075483, 1.0257160244660297), (0.23289357457645493, -0.8230071510036246, 1.5002947082368325)],1.661
[(-0.6915133307166842, -0.9779786621093182, 1.1584371835154696), (-0.5158605962824006, -1.0842410126366637, 0.8306232654918221), (-0.09978681627252647, -0.6140748291137135, 1.2031084021245235), (0.002879564123355415, -0.964849218024327, 1.1185686799360548), (-0.22807770365425645, -1.2370853536537294, 0.9935678569385114), (-0.5480305166707649, -0.9594643748352072, 1.1139984260160254)],207.418
[(-0.3412212990308547, -0.7245853176119106, 1.0771069108242453), (-0.7986034309427534, -0.62426264103862, 1.086328137254172), (-0.39771870550549526, -0.8369810168485439, 0.8428674134092908), (-0.5746684976502547, -1.093892791834084, 1.052082840516581), (-0.6443032670398997, -0.928376771406995, 1.5733030749687633), (-0.025394779107868727, -0.6534185906797025, 0.46029899884633363)],2045.352
[(-0.7365046166903835, -1.2717379463369602, 0.6910289443718916), (-0.1194160578476726, -1.0721279090979494, 1.154326879716467), (0.0526007134152531, -1.2392064999619838, 0.9255842953341284), (0.00030957494596068214, -0.570346702924533, 1.1509221087742911), (-0.22211994474734348, -0.8007813712265007, 1.2920188071193854), (0.04406518229225734, -1.135764337028147, 0.8104958896648617)],1.661
[(-0.8898193576993415, -0.6949633933448343, 1.4185279392097083), (-0.6995225267097165, -1.1644565727189609, 0.8966007931322989), (0.3099418410893341, -1.3113593733140951, 0.9549270644541265), (0.2960443077625368, -0.7036870206967268, 1.4058836405162771), (-0.3057928069194446, -1.395696510428163, 0.8313562923371796), (-0.18308702627766466, -1.3860829934138885, 0.7553618503380328)],554.071
[(-0.5009612900878244, -1.1571367670069286, 1.0091188953153456), (-0.16662388363755848, -1.4842817288123415, 0.7045738214676432), (-0.06262509761791879, -0.6107144639022768, 1.0604164408857046), (0.14436510123274668, -0.7814047011496471, 0.975346486978244), (-0.2801349154471551, -1.0969018737468215, 1.221072809358403), (0.003625305989275256, -0.9428927618052272, 1.2445194243448845)],1.661
[(-0.8038630582087862, -1.163910299208614, 1.338679308787656), (-0.554578357255411, -0.682220301003458, 1.113482030715536), (0.09371999469952248, -1.27058816445074, 0.6013586511760811), (0.15512366207495756, -1.2224582388103191, 0.6412449774388731), (-0.8378509757193277, -0.9840436020217823, 0.8643794315348748), (0.24633712415451336, -0.9726488973878157, 1.1856088767151731)],827.454
[(-0.3238002844149921, -0.9039897633341035, 0.8089279732346365), (0.14645677499366516, -0.7954538396103599, 0.8187306170752211), (-0.8935847299269957, -0.6695276882127879, 1.33028186620215), (0.40380322796488577, -0.929504154180302, 1.732041575597477), (0.09902707964793424, -0.8183335509528152, 1.0798554311640465), (0.22192486438748277, -0.7147268419693278, 0.9606505654238785)],1.661
[(-0.9843235755648576, -1.0205873925564148, 0.8039625584222547), (-0.1183589391880078, -1.4032627213045743, 0.7419192072042955), (0.05639793357966877, -0.8861995765328115, 0.18979651386845697), (-0.6085961150918241, -1.6519167424328551, 1.043389385439499), (-0.7661717429728795, -1.1340190811821655, 1.1120339195165596), (0.6141728259723892, -1.0829773758370491, 1.2526825100055619)],1695.726
[(-0.9776915685456277, -1.129546299263363, 0.7992694932109539), (-0.3462796564636697, -1.212001025352352, 0.8596251096065983), (-0.5118415332691743, -1.1089752170094873, 1.7533300164776593), (0.2909922843719448, -1.2143167099888204, 0.5627312765452815), (-0.9906293136826306, -0.6701155356641327, 0.832418108349579), (0.3503381897428007, -1.4414359787726951, 0.7646988805377051)],608.069
[(-0.1724664110386343, -1.178553272051105, 0.799405138889616), (0.583064333282481, -0.9468175503816024, 1.6978613923975159), (0.8659869907553823, -1.212101237416722, 0.6421318553046511), (0.31040976668470566, -1.302144617958124, 1.0500702436050766), (-0.5807633312359275, -0.5972107533331327, 1.2974303851315805), (0.290858064832662, -1.3372073628542551, 0.9202085566243242)],4406.035
[(0.35553862387110746, -1.2239590809015786, 1.064783293101739), (-0.5576305459508146, -0.6123058672978758, 0.8481402291540239), (0.028784172478724224, -0.8928223214814397, 1.175949706993961), (0.6253758299960872, -1.1107264528052179, 1.3551157752014225), (0.03642930630917719, -1.1824996018418141, 0.9566863084285706), (0.4130936840371458, -1.186693155089362, 0.596476049888957)],1.661
[(-0.37118540566135455, -0.9058714608691986, 1.7433608591242862), (-0.09258335930686201, -0.7953532679255695, 0.8868090974978137), (-0.01835882724126134, -0.661560299015962, 0.6803459601447879), (-0.0827267122921588, -0.6730615821902224, 0.7485035250027119), (-0.01265132197445367, -1.0071731821674517, 0.9419268969179776), (0.19477427903743091, -0.5414970233084, 0.66942263827414)],1.661
[(-0.46267830515706454, -1.1999436219905006, 0.22256967892449409), (-0.6664711362302875, -1.2301241894796628, 1.0146264147070723), (-0.23707323509839537, -1.1289219451342607, 0.7821213999993059), (-0.32880302117356297, -0.9486316382363014, 1.3027040629677007), (0.75096988312687, -1.446214089902807, 1.58784409469536), (-0.18046405993631626, -0.7881016435097271, 1.1734267817458983)],1810.007
[(0.2546253011810665, -0.9264772290603208, 0.9107603000353736), (-0.43873339973925257, -1.1877052585574333, 0.8247189024314087), (-0.4369676823591897, -1.2832185689131999, 1.0525250035650975), (-0.33831479731262004, -1.1463620802909946, 0.9635889648773922), (-0.19600452215695774, -0.8604157890468408, 1.7953006503687619), (0.012901518798615489, -0.5720599151585413, 0.8442939007513847)],1.661
[(-0.12526033900561595, -1.19777498921031, 0.6497255945862972), (-0.4776383488114535, -1.399628647574322, 0.840077218293141), (0.45417497724906375, -0.9680564156294613, 0.964936329405188), (-0.7512085244221314, -1.395439914074347, 0.9474508070781311), (-0.1537081142972705, -0.7567757205321511, 1.1708226915878748), (-0.32307000996102614, -1.1545040731313234, 1.1748417821849426)],1183.889
[(-0.39050802475932667, -1.553220769015525, 0.9030431826304287), (0.12565320259309015, -0.6010871817132142, 1.1763461801312294), (-0.08191705958212223, -0.9222392190970079, 1.0322044824345713), (0.7933784628026871, -1.0162569079396735, 1.2902266923845824), (-0.23167535405132095, -0.5690666498419386, 0.6699728625579717), (-0.124999145010981, -1.230238274047343, 0.7757825894385708)],1.661
[(-0.6714351437827952, -1.0425206646008198, 0.5778181244725051), (-0.2928911210380974, -0.8337532956906, 1.2705119263506874), (-0.4024537590413635, -0.9774772225327486, 0.8845265256749627), (-0.5390009478303983, -0.8355319938975473, 1.1963387139699804), (-0.09419378479054039, -0.5963657935285204, 0.7389245559571764), (-0.5850307310067516, -0.7867680932189267, 0.8346298090888676)],1171.348
[(-0.10191110941686843, -1.2741033159385617, 1.45138253805171), (-0.625139996018113, -0.9942962018346126, 1.4535966999609664), (-0.1832147360602623, -1.1571269333805787, 0.4294335295626003), (0.1456560139629465, -0.5846008861615704, 1.3183028730003366), (-0.32498307185368247, -0.7747277022741743, 1.2683403840608771), (0.6685690561159073, -0.8281425950114067, 1.047828461682863)],1.661
[(-0.35472090518754384, -0.6188032385672193, 0.8984653952516706), (-0.27728771054694806, -1.001705596467095, 1.201773646141742), (0.06563577821022366, -0.3450976318660949, 0.9528919636168648), (-0.3922809439032887, -0.5941638024240856, 0.9561412959657698), (0.3901809591630631, -1.3081171704757357, 1.1609910748821846), (-0.0730888047759865, -1.3330365104256774, 0.7372886363225633)],2.261
[(-0.17410436825626385, -1.1003810308125657, 1.047076332487837), (-0.24791247983359677, -1.1638005326844003, 0.71908373123283), (0.20128303705590506, -0.9373516617330439, 1.1966325290081747), (-0.25518357178734635, -1.2547396285895633, 1.1405352720864403), (0.551772386507298, -0.8007030611360473, 0.9565770373349876), (-0.6751915735740015, -0.4264975191431275, 0.9716433813028554)],1.661
[(-0.29078341801543467, -1.2764262500469175, 1.2066801916074228), (0.6452155720418431, -1.0159170881639492, 0.6930867788781889), (0.45863890048947, -1.1942420147328934, 0.8111555968662343), (0.39771414213610584, -1.345936050198496, 1.7306298223922747), (0.1462448291763408, -1.4093474167953828, 1.0294034490685966), (-0.1913299521589782, -1.169639151890743, 1.4568345261578315)],2932.588
[(-0.47786938609625884, -1.3634523511309298, 1.1418746627176646), (0.5102998073926415, -0.6483070292826125, 1.054049166571586), (0.10335569937774272, -1.3170612393706596, 0.8174587413345055), (-0.21965461890173385, -1.2070943039507354, 0.9108660063167774), (-0.3499087495576513, -1.354577615436433, 0.989449415135965), (-0.1319040988159548, -1.0179662693744547, 1.052912444048125)],2428.025
[(-0.8907839405125003, -0.918683724233231, 0.7374654747080726), (-0.11903140601044425, -0.9468449041447328, 1.4173892282203813), (-0.3180957377104491, -0.6188695465124379, 0.9097781618595934), (-0.835443596300258, -1.3217081013387186, 1.0137303420361163), (0.7665107671266485, -1.3203039288467608, 0.8863973503673199), (0.7816729797469002, -0.6109049657033598, 1.3852550513472606)],2709.365
[(-0.4596994690905974, -0.6884435129790605, 1.3278958066808153), (-0.0900728415307554, -0.8341352757996303, 0.8972766794859915), (0.21444970225210744, -0.6737021985431992, 1.2679175675300929), (-0.5627847091992727, -1.1509111163197128, 1.0441631124877508), (-0.08567027476759076, -1.2133591197757698, 1.2207438954862693), (0.15446379468940197, -1.0495480219233704, 0.9098722156045214)],1.661
[(-0.7012066847778451, -1.0402422800757636, 0.5293136413856079), (0.263592318213232, -0.9832930628832787, 0.7615500848360586), (0.12950167238616356, -0.937661595938969, 0.5192076475310219), (0.40356151325781725, -1.3391641699107095, 0.8308720002482558), (-0.16361935327733873, -1.45655288345018, 0.8821468135354096), (-0.051826170318784795, -0.9963463969035076, 0.5975342585332697)],1.661
[(-0.6053771831951841, -0.5975834166139993, 0.9695843865401761), (0.18228297174190217, -1.1425549226346348, 0.8712488450896725), (0.33455160532545025, -0.8173176368521018, 1.0832207213724536), (0.6508092058616808, -1.1684791327315622, 1.1312168147959678), (0.9931821512031961, -1.3164820879881296, 0.8077659400150206), (0.04764628889741325, -1.154544803888591, 0.8381299802891051)],2008.204
[(0.2904558485429505, -0.5267606399121983, 0.8653023877158638), (-0.1801599728559127, -0.6828374405613828, 0.7458864731397701), (0.3116248882872523, -0.6351823690768871, 1.2323809670134147), (-0.8841724984112791, -0.8176038856478223, 0.3997890563219332), (-0.03111045044290238, -0.6314775856885892, 0.9364757287090164), (-0.07639016459790163, -0.6140071833987066, 1.0771972176406355)],2871.715
[(0.011936069029677365, -0.8602443758047715, 0.7055849181823827), (-0.02642994856789832, -1.0625942024975725, 0.5007882457815835), (0.4155152485421343, -1.243655262221437, 1.1021174991112261), (-0.17157561878330543, -0.6132532329523066, 1.5762964874617151), (0.6676840276592373, -1.2029110954353202, 0.5165956298825213), (0.3520699459837499, -1.0296257768462735, 1.1835048360826703)],1.661
[(-0.9466371940305568, -1.4596623890831784, 1.1952817257162827), (0.09327367894988614, -1.2039347000882714, 1.038873341507354), (0.6546606924636914, -1.0937846708809422, 0.6751074208066983), (0.1460043885963712, -1.5625450920346018, 1.1900693472193193), (0.731569739215685, -1.9595875849357198, 1.1287797899789667), (-0.8377238182004251, -0.8108655551377358, 0.8169455676682884)],1268.752
[(0.357459355709149, -1.118898610854489, 1.5727881839206728), (-0.41978887885213617, -0.8895591571758648, 1.2032873252954883), (-0.04671796680871235, -1.2108983979591077, 1.391580603322963), (0.09839549137830783, -0.8391008228664032, 0.8627731823216511), (-0.3425191518075954, -1.0287721214777217, 0.7000772771677131), (-0.6519720888683498, -1.1310081224605026, 0.3702910801245901)],1.661
[(-0.5167587960810217, -0.9731911971387729, 0.7836728293871547), (0.13542882600002593, -0.5662766023040178, 1.040533345275882), (0.02821678962904281, -0.7866633068631876, 1.5383823717179177), (0.010962745961651076, -1.1718535660447582, 0.9952524559949838), (0.8770899763191335, -0.9257446832235541, 1.035869403045203), (-0.13177285430018754, -0.8588772166881757, 0.9842144836502744)],1984.237
[(-0.9711439570367417, -0.5939717182586628, 0.6889003251093121), (0.5427253696388097, -0.8558212054784029, 0.9007119104318497), (-0.1778160870828933, -0.9172466538899279, 1.7598408701431012), (0.16051929534861123, -0.4571426081043458, 0.6469050026597147), (-0.6128183716090772, -0.8126273162573716, 1.4043431846943206), (-0.6064709027863803, -0.764830967713241, 0.4053833416550575)],2379.682
[(-0.491230597423515, -1.4619843925870597, 0.88591235037141), (0.1768965596265903, -0.9203065426411755, 1.0494633242407838), (-0.58853727975489, -1.3025304475397832, 0.9778410478339377), (0.31341575610738154, -0.8053220529888303, 1.0027501701550425), (-0.12220182120890209, -1.147013789438439, 1.0896475039190838), (-0.020019013271950627, -1.0004611173078297, 0.8171698185010896)],1.661
[(-0.7193609223115831, -0.8106190044834529, 0.7681537692750546), (-0.27671415175369735, -1.0901764677334007, 0.44142373546294866), (-0.372493493133052, -0.5378435117836089, 1.5438681592543182), (-0.19502344350065842, -1.0533401315767557, 0.4663515413714826), (0.43860579612903344, -0.8027310945135714, 0.9333734913441388), (0.41656531671580643, -1.4165998447477535, 0.9503413440565333)],1229.444
[(-0.16818599811045576, -0.6275564801245683, 0.6810535370446223), (-0.29646158753740326, -1.4257900622912425, 0.704319152815415), (-0.10455531053181752, -1.0612275638185702, 0.6133646720702441), (0.3129468624904703, -1.0059694442448013, 0.8969882117790475), (0.5461988894681787, -1.4701670881541569, 0.7388103905520316), (0.6270151259847015, -1.4652551871431594, 0.8732778299956202)],1.884
[(-0.38032022136756016, -0.5256051814488898, 0.9488132583970942), (-0.2765431891581451, -1.365892524851529, 1.1893471852972064), (-0.018100431443903164, -1.1386130584070027, 0.9192203405300762), (0.37091638053264114, -0.5086184543581733, 1.427462334317477), (0.6438862400252211, -0.9981467838524409, 0.7833162351212273), (-0.24902296843049343, -1.449986902094181, 0.5777559072038982)],1456.74
[(-0.04467095706824897, -1.025108128881035, 0.7113606837648419), (-0.19225021464659184, -0.8625243380755792, 1.2588153556003936), (-0.22261655843467107, -1.3079942075181985, 1.4280518733134426), (-0.15117703674397587, -1.2167510774377512, 0.7964373015463024), (-0.12068019268870538, -1.3998189079986416, 0.9987429471758732), (-0.0771257075301837, -0.7548076486669422, 0.7990168229841282)],1.661
[(-0.6379143454261188, -1.133740811410651, 0.49385204516933323), (-0.5241547047232542, -1.060007100014419, 1.319555694667009), (-0.22496986877582711, -0.9561468852999481, 1.1887786706976715), (0.345919834130703, -0.8833543540615303, 0.5144865066079585), (-0.03257525301178619, -1.023231475211301, 1.0901270312208777), (-0.5177383417678824, -0.4573425213247144, 1.2890717414618886)],679.294
[(-0.1728533812739132, -1.2678181545639655, 0.7322264886494653), (-0.19101307167724438, -1.714901333579247, 0.9460469204382624), (0.5033819460160605, -0.828815413366863, 1.370977740748932), (0.08768211626101735, -0.930173715302599, 0.9111331081709044), (-0.5995172639355649, -0.9314612297639894, 1.119702066604869), (0.043580803199044706, -1.0968117827100343, 1.2105772669696973)],1.661
[(-0.6293299700020942, -1.0318468632573712, 0.927453948100051), (-0.44641601460057645, -1.1115665171480085, 1.2619632157900527), (0.40518464025415823, -1.0591340973151495, 1.2511776518407267), (-0.06532976565409822, -1.404247500214885, 1.4043048148996544), (-0.48232359851012446, -0.9234493137426857, 0.9565066045098527), (-0.37304219772973496, -0.9239985421447345, 1.7998513151321636)],474.008
[(-0.14354481745994285, -0.5606679371439448, 0.7257501840500598), (0.3060444995195028, -0.9912109031664142, 0.9600813773293869), (-0.38951628920214987, -0.7822807751486512, 1.0719547489583359), (-0.21827300134832908, -0.9639008955872795, 0.5331195355258009), (-0.7981491110680379, -1.1955189079847697, 0.5359018648793208), (0.3838214792575646, -0.6538949725289926, 1.2621245818922073)],9.34
[(-0.8059343475869158, -1.2270822067699723, 1.1530269463945664), (-0.10724213486966298, -0.6987449340675153, 0.7284548355886293), (-0.297262240367696, -0.7993034721353975, 0.5415969479670433), (0.33778342056219524, -1.0401041050460773, 0.9031503707691316), (0.5013029024558902, -1.6916083419711554, 0.7326682960369255), (0.32667967410189125, -1.3266968106682435, 0.7636881395025508)],1318.874
[(-0.608696971213847, -0.6190331143745207, 0.7375924174492566), (-0.42702201801126527, -0.9603591800181124, 1.4034144153195383), (0.1546779592275478, -1.254157237638104, 0.9648890019654348), (-0.2090264389978258, -0.8474669590042356, 0.9008952704345374), (0.4511253561689767, -1.2992402671739547, 0.5523863467501824), (-0.23061952739826708, -0.5695342520108453, 1.6293328805339244)],497.038
[(-0.9682345961517663, -1.2123573133528212, 0.5152731462939844), (0.2220516467460345, -0.9114949538201957, 1.1048825864999774), (0.20748234953797126, -1.6889708677144701, 0.9851564816258891), (-0.44197792698732524, -0.4548002923549911, 1.2491420390011014), (-0.26863897960571226, -1.2873633156332358, 1.0500101642806905), (-0.16097253224023989, -0.9267067573478074, 0.8270368209121628)],1317.683
[(-0.5677036704674963, -0.5866411980123134, 1.4847953821845958), (-0.38699908888805135, -0.954890016638492, 1.1133804536494427), (-0.5816085513921188, -1.1556942205594907, 0.9563343596127557), (0.18088879851509568, -0.9607121900479411, 1.0818989942781123), (-0.5773906899635258, -1.4971486033699728, 0.9221928269740985), (0.3584677105300941, -1.4448449617747887, 0.09963829533187207)],1119.436
[(-0.6539892559067523, -0.7862202860335662, 1.2310412652628493), (-0.2379973393324904, -1.229779751951537, 1.348579575655261), (0.17111997862600925, -1.1094701813361678, 1.4286147541358432), (0.5558217606787941, -0.947567604990407, 0.8239892064774692), (0.4050904431152343, -1.3165919207210754, 0.7785893030174181), (-0.4951246762159294, -1.3871325022352554, 0.9888620273552886)],880.697
[(-0.787640622953469, -0.7756116745931689, 1.4634210891456034), (-0.3988999483088427, -0.6767776838691466, 1.1940325891642534), (0.4395564761359817, -0.34010109014554, 0.8527999400431643), (0.03645199875325361, -0.8809397865946436, 1.0544871398415259), (0.3547442448064752, -0.8167264721769694, 0.31551174622587175), (-0.05592016773520323, -1.0588722334780114, 1.019554895938766)],358.553
[(-0.823199263444516, -0.7816930848821864, 0.8120875549579893), (-0.04081485382748387, -1.3276582696000114, 1.383249470697252), (-0.05472870308043212, -1.423779359156696, 0.8661615276389532), (-0.2841759905294683, -0.7605319680747415, 0.9095047705859176), (-0.30079792002160444, -1.2319439542367752, 1.401196640374538), (0.343567978106788, -0.6670712240536611, 1.6028089389434914)],492.197
[(-0.5898915723782655, -1.4725905157560568, 0.7411405272680558), (0.051699710164410856, -0.975130349336888, 1.1468217168365857), (-0.41273231655341625, -0.3803477700334845, 0.7182976545435997), (0.011335931627953821, -1.3301161060423583, 0.8073326914677216), (-0.8668464404239387, -0.5402091696336204, 0.8935198619043059), (0.1289787302660224, -0.9408141736949857, 0.8495301729901437)],1033.561
[(0.13656146958000137, -1.2629774246044896, 1.3136018461287298), (-0.4131407834349288, -1.3597676205528004, 0.7475549414461954), (0.07760117253602679, -1.6697057891886797, 1.0413496578031223), (0.026426041749549635, -0.9494518409349764, 1.128720012370445), (-0.2199201490721926, -1.4525924009970477, 1.0370802020710173), (-0.11817860363507574, -0.884453034054902, 0.6563741932560001)],1.661
[(-0.9134202683683746, -1.185198725839731, 0.7075142158070691), (0.2998865847782547, -1.1766883631845897, 0.6343744624615133), (0.5716425216835153, -1.0001961428007649, 0.8509278698863767), (-0.12223524277695116, -1.4620109498101828, 1.2253177722462063), (0.10545757287063155, -0.5962735571362106, 1.0169430091338392), (0.5859809245975575, -0.9889680226551666, 1.2646463630491582)],1416.208
[(-0.36912069738330316, -1.5074088736848879, 1.4820573630086558), (-0.9321845212633997, -0.8972743397670808, 0.932911378708874), (-0.09956848510276597, -0.9318021054796463, 0.9190509405595811), (0.4475666811152663, -0.8932485889402397, 1.334947028610816), (-0.07850339980681065, -1.0383611765606213, 1.0777848023183774), (0.3685781644668327, -1.1713859872365535, 1.1670707016067219)],1.661
[(-0.32412924137752985, -1.1168419327977108, 1.0363419205774962), (0.14939209640196627, -1.415812759903814, 1.126442908792182), (-0.21193610847971525, -1.2864187137605325, 0.6745684329714341), (0.7791935394756033, -0.8890854445224718, 1.7431639271762376), (-0.005677286618840406, -0.9501191110724791, 1.163611851752509), (-0.15593328753781557, -0.3871550413597761, 1.1667951915250867)],1.661
[(-0.03710096101280713, -0.9905046195711676, 1.1983099542484135), (-0.019052530919885846, -1.226601306997899, 0.5842453889179307), (0.20081740863736802, -0.7472804770434082, 1.2938466464177103), (-0.22783741126046053, -1.1654357297403117, 1.0721523261520265), (0.2386698324300781, -1.3288382570699524, 1.404787649917627), (-0.7554225052057746, -0.2304754288242249, 1.3056831212210251)],1.661
[(-0.913184361876227, -1.0484461388843265, 0.9891872016776411), (-0.5326804555097032, -1.0610771299693973, 0.9631077881828313), (0.14593606009411678, -0.6886342248306715, 1.2512825761282798), (-0.37568032462406503, -0.8443533657756865, 0.5355857084850933), (0.2987303048943925, -0.9297174594172773, 1.0512324035575398), (0.6928560584630159, -0.8569490208602513, 1.2793413546959251)],373.853
[(0.38193541505659445, -0.9968693151653868, 1.2430049255585307), (0.4097268615032277, -1.5334805943093786, 1.109916545263538), (0.6432188436740253, -0.9480329289066549, 1.1213777417096935), (-0.005812059581043583, -1.267891074800327, 1.2972066350832483), (0.4507545282781241, -1.2615203269700987, 0.9151374939166973), (0.4262262344748159, -0.8394854193360258, 0.5045582624979383)],1.661
[(0.289, -1.0, 1.0), (0.435, -1.0, 1.0), (0.733, -1.0, 1.0), (0.302, -1.0, 1.0), (0.154, -1.0, 1.0), (0.0, -1.0, 1.0)],1.661
[(-0.641, -1.0, 1.0), (-0.188, -1.0, 1.0), (0.156, -1.0, 1.0), (0.006, -1.0, 1.0), (-0.045, -1.0, 1.0), (0.0, -1.0, 1.0)],1.661
